BEGIN DSCRDATA
% INDEX	K01	L01	M01	K02	L02	M02	K03	L03	M03	K04	L04	M04	K05	L05	M05	K06	L06	M06	K07	L07	M07	K08	L08	M08	K09	L09	M09	K10	L10	M10	K11	L11	M11	K12	L12	M12	K13	L13	M13	K14	L14	M14	K15	L15	M15	K16	L16	M16	K17	L17	M17	K18	L18	M18
0	0.000000000001	1.0E+10	100000000000	1E-30	0.00000000035	1.0E+10	1E-30	1.0E+10	0.55	1E-30	2.26311050941985E-11	1.13756341610484	1.0E+10	1E-30	1.0E-10	1.0E+10	1E-30	1.0E-10	1.0E+10	1E-30	1.0E-10	1.0E+10	1E-30	1.0E-10	1.0E+10	1E-30	1.0E-10	1.0E+10	1E-30	1.0E-10	1.0E+10	1E-30	1.0E-10	1.0E+10	1E-30	1.0E-10	1.0E+10	1E-30	1.0E-10	1.0E+10	1E-30	1.0E-10	1.0E+10	1E-30	1.0E-10	1.0E+10	1E-30	1.0E-10	1.0E+10	1E-30	1.0E-10	1.0E+10	1E-30	1.0E-10
1	0.000000000001	1.0E+10	100000000000	1E-30	0.00000000035	1.0E+10	1E-30	1.0E+10	0.55	1E-30	2.26311050941985E-11	1.13756341610484	1.0E+10	1E-30	1.0E-10	1.0E+10	1E-30	1.0E-10	1.0E+10	1E-30	1.0E-10	1.0E+10	1E-30	1.0E-10	1.0E+10	1E-30	1.0E-10	1.0E+10	1E-30	1.0E-10	1.0E+10	1E-30	1.0E-10	1.0E+10	1E-30	1.0E-10	1.0E+10	1E-30	1.0E-10	1.0E+10	1E-30	1.0E-10	1.0E+10	1E-30	1.0E-10	1.0E+10	1E-30	1.0E-10	1.0E+10	1E-30	1.0E-10	1.0E+10	1E-30	1.0E-10
2	0.0000000000011	1.0E+10	100000000000	1E-30	0.000000000325	1.0E+10	1E-30	1.0E+10	0.5	1E-30	5.61729691029612E-12	0.211767104477027	1E-30	1.3533133702375E-11	1.02037424206632	1.48495889590049E-11	1.63389947112467E-11	1.0E+10	1.0E+10	1E-30	1.0E-10	1.0E+10	1E-30	1.0E-10	1.0E+10	1E-30	1.0E-10	1.0E+10	1E-30	1.0E-10	1.0E+10	1E-30	1.0E-10	1.0E+10	1E-30	1.0E-10	1.0E+10	1E-30	1.0E-10	1.0E+10	1E-30	1.0E-10	1.0E+10	1E-30	1.0E-10	1.0E+10	1E-30	1.0E-10	1.0E+10	1E-30	1.0E-10	1.0E+10	1E-30	1.0E-10
3	0.00000000000122	1.0E+10	100000000000	1E-30	0.000000000253	1.0E+10	1E-30	1.0E+10	0.5	1E-30	8.3269963574609E-13	0.104640122332273	9.03421375558687E-12	2.92064429962613E-11	1.0E+10	8.34826469986916E-11	4.04559858784887E-12	0.762577368177555	1.0E+10	1E-30	1.0E-10	1.0E+10	1E-30	1.0E-10	1.0E+10	1E-30	1.0E-10	1.0E+10	1E-30	1.0E-10	1.0E+10	1E-30	1.0E-10	1.0E+10	1E-30	1.0E-10	1.0E+10	1E-30	1.0E-10	1.0E+10	1E-30	1.0E-10	1.0E+10	1E-30	1.0E-10	1.0E+10	1E-30	1.0E-10	1.0E+10	1E-30	1.0E-10	1.0E+10	1E-30	1.0E-10
4	0.0000000000013	1.0E+10	100000000000	1E-30	0.00000000016	1.0E+10	1E-30	1.0E+10	0.45	1E-30	1.18339944236176E-11	0.446131079326315	2.48388419112292E-12	7.55396818541123E-11	1.0E+10	5.21739846640361E-10	6.74300933099497E-13	0.305046555513714	1.0E+10	1E-30	1.0E-10	1.0E+10	1E-30	1.0E-10	1.0E+10	1E-30	1.0E-10	1.0E+10	1E-30	1.0E-10	1.0E+10	1E-30	1.0E-10	1.0E+10	1E-30	1.0E-10	1.0E+10	1E-30	1.0E-10	1.0E+10	1E-30	1.0E-10	1.0E+10	1E-30	1.0E-10	1.0E+10	1E-30	1.0E-10	1.0E+10	1E-30	1.0E-10	1.0E+10	1E-30	1.0E-10
5	0.0000000000015	1.0E+10	100000000000	1E-30	0.000000000305	1.0E+10	1E-30	1.0E+10	0.4	1E-30	1.19101694452473E-11	0.56125351248298	2.00160181156761E-11	1.35347727086639E-11	1.0E+10	1.57875482713404E-10	2.11976182482404E-12	0.978278668165893	1.0E+10	1E-30	1.0E-10	1.0E+10	1E-30	1.0E-10	1.0E+10	1E-30	1.0E-10	1.0E+10	1E-30	1.0E-10	1.0E+10	1E-30	1.0E-10	1.0E+10	1E-30	1.0E-10	1.0E+10	1E-30	1.0E-10	1.0E+10	1E-30	1.0E-10	1.0E+10	1E-30	1.0E-10	1.0E+10	1E-30	1.0E-10	1.0E+10	1E-30	1.0E-10	1.0E+10	1E-30	1.0E-10
6	0.0000000000015	1.0E+10	100000000000	1E-30	0.000000000305	1.0E+10	1E-30	1.0E+10	0.4	1E-30	1.19101694452473E-11	0.56125351248298	2.00160181156761E-11	1.35347727086639E-11	1.0E+10	1.57875482713404E-10	2.11976182482404E-12	0.978278668165893	1.0E+10	1E-30	1.0E-10	1.0E+10	1E-30	1.0E-10	1.0E+10	1E-30	1.0E-10	1.0E+10	1E-30	1.0E-10	1.0E+10	1E-30	1.0E-10	1.0E+10	1E-30	1.0E-10	1.0E+10	1E-30	1.0E-10	1.0E+10	1E-30	1.0E-10	1.0E+10	1E-30	1.0E-10	1.0E+10	1E-30	1.0E-10	1.0E+10	1E-30	1.0E-10	1.0E+10	1E-30	1.0E-10
7	0.0000000000018	1.0E+10	100000000000	1E-30	0.000000000168	1.0E+10	1E-30	1.0E+10	0.4	2.33263995235736E-12	1.00546926118122E-10	1.0E+10	2.33403080351216E-11	1.33982680146825E-11	2.06632965431882	1.0E+10	1E-30	1.0E-10	1.0E+10	1E-30	1.0E-10	1.0E+10	1E-30	1.0E-10	1.0E+10	1E-30	1.0E-10	1.0E+10	1E-30	1.0E-10	1.0E+10	1E-30	1.0E-10	1.0E+10	1E-30	1.0E-10	1.0E+10	1E-30	1.0E-10	1.0E+10	1E-30	1.0E-10	1.0E+10	1E-30	1.0E-10	1.0E+10	1E-30	1.0E-10	1.0E+10	1E-30	1.0E-10	1.0E+10	1E-30	1.0E-10
8	0.000000000002	1.0E+10	100000000000	1E-30	0.00000000029	1.0E+10	1E-30	1.0E+10	0.3	1E-30	2.41466567248929E-11	0.142997124996357	1E-30	6.10454692428453E-12	0.281277329972121	1.07109778178868E-11	2.52929527382425E-11	1.0E+10	6.0790971466626E-11	5.50506782927902E-12	1.22921520898229	1.0E+10	1E-30	1.0E-10	1.0E+10	1E-30	1.0E-10	1.0E+10	1E-30	1.0E-10	1.0E+10	1E-30	1.0E-10	1.0E+10	1E-30	1.0E-10	1.0E+10	1E-30	1.0E-10	1.0E+10	1E-30	1.0E-10	1.0E+10	1E-30	1.0E-10	1.0E+10	1E-30	1.0E-10	1.0E+10	1E-30	1.0E-10	1.0E+10	1E-30	1.0E-10
9	0.000000000002	1.0E+10	100000000000	1E-30	0.00000000029	1.0E+10	1E-30	1.0E+10	0.3	1E-30	2.41466567248929E-11	0.142997124996357	1E-30	6.10454692428453E-12	0.281277329972121	1.07109778178868E-11	2.52929527382425E-11	1.0E+10	6.0790971466626E-11	5.50506782927902E-12	1.22921520898229	1.0E+10	1E-30	1.0E-10	1.0E+10	1E-30	1.0E-10	1.0E+10	1E-30	1.0E-10	1.0E+10	1E-30	1.0E-10	1.0E+10	1E-30	1.0E-10	1.0E+10	1E-30	1.0E-10	1.0E+10	1E-30	1.0E-10	1.0E+10	1E-30	1.0E-10	1.0E+10	1E-30	1.0E-10	1.0E+10	1E-30	1.0E-10	1.0E+10	1E-30	1.0E-10
10	0.0000000000022	1.0E+10	100000000000	1E-30	0.00000000029	1.0E+10	1E-30	1.0E+10	0.31	1E-30	2.32349832190688E-11	0.145989705174617	1E-30	8.96967980578503E-12	0.427382716107423	9.55240462525681E-12	2.83606344534314E-11	1.0E+10	6.36630320380543E-11	5.25671509222969E-12	0.964490192413681	1.0E+10	1E-30	1.0E-10	1.0E+10	1E-30	1.0E-10	1.0E+10	1E-30	1.0E-10	1.0E+10	1E-30	1.0E-10	1.0E+10	1E-30	1.0E-10	1.0E+10	1E-30	1.0E-10	1.0E+10	1E-30	1.0E-10	1.0E+10	1E-30	1.0E-10	1.0E+10	1E-30	1.0E-10	1.0E+10	1E-30	1.0E-10	1.0E+10	1E-30	1.0E-10
11	0.0000000000022	1.0E+10	100000000000	1E-30	0.00000000029	1.0E+10	1E-30	1.0E+10	0.31	1E-30	2.32349832190688E-11	0.145989705174617	1E-30	8.96967980578503E-12	0.427382716107423	9.55240462525681E-12	2.83606344534314E-11	1.0E+10	6.36630320380543E-11	5.25671509222969E-12	0.964490192413681	1.0E+10	1E-30	1.0E-10	1.0E+10	1E-30	1.0E-10	1.0E+10	1E-30	1.0E-10	1.0E+10	1E-30	1.0E-10	1.0E+10	1E-30	1.0E-10	1.0E+10	1E-30	1.0E-10	1.0E+10	1E-30	1.0E-10	1.0E+10	1E-30	1.0E-10	1.0E+10	1E-30	1.0E-10	1.0E+10	1E-30	1.0E-10	1.0E+10	1E-30	1.0E-10
12	0.0000000000024	1.0E+10	100000000000	1E-30	0.000000000072	1.0E+10	1E-30	1.0E+10	0.3	1.48159296051558E-12	1.58302437444248E-10	1.0E+10	1.82871087090052E-11	1.7100554689972E-11	2.63730977932876	1.0E+10	1E-30	1.0E-10	1.0E+10	1E-30	1.0E-10	1.0E+10	1E-30	1.0E-10	1.0E+10	1E-30	1.0E-10	1.0E+10	1E-30	1.0E-10	1.0E+10	1E-30	1.0E-10	1.0E+10	1E-30	1.0E-10	1.0E+10	1E-30	1.0E-10	1.0E+10	1E-30	1.0E-10	1.0E+10	1E-30	1.0E-10	1.0E+10	1E-30	1.0E-10	1.0E+10	1E-30	1.0E-10	1.0E+10	1E-30	1.0E-10
13	0.0000000000027	1.0E+10	100000000000	1E-30	0.000000000083	1.0E+10	1E-30	1.0E+10	0.29	1E-30	1.62441776190069E-11	1.61402161254253	3.56296855242402E-12	0.000000000088	1.0E+10	5.21029490471811E-12	6.65036877819686E-11	60.1860726331936	1.0E+10	1E-30	1.0E-10	1.0E+10	1E-30	1.0E-10	1.0E+10	1E-30	1.0E-10	1.0E+10	1E-30	1.0E-10	1.0E+10	1E-30	1.0E-10	1.0E+10	1E-30	1.0E-10	1.0E+10	1E-30	1.0E-10	1.0E+10	1E-30	1.0E-10	1.0E+10	1E-30	1.0E-10	1.0E+10	1E-30	1.0E-10	1.0E+10	1E-30	1.0E-10	1.0E+10	1E-30	1.0E-10
14	0.000000000003	1.0E+10	100000000000	1E-30	0.000000000265	1.0E+10	1E-30	1.0E+10	0.29	1E-30	1.50016901939565E-11	9.42583994095274E-02	1E-30	7.81883743127486E-12	0.324239549484919	1.00008181529628E-11	2.97979102052474E-11	1.0E+10	3.53861757184381E-11	9.2436030926544E-12	3.07954657063257	1.0E+10	1E-30	1.0E-10	1.0E+10	1E-30	1.0E-10	1.0E+10	1E-30	1.0E-10	1.0E+10	1E-30	1.0E-10	1.0E+10	1E-30	1.0E-10	1.0E+10	1E-30	1.0E-10	1.0E+10	1E-30	1.0E-10	1.0E+10	1E-30	1.0E-10	1.0E+10	1E-30	1.0E-10	1.0E+10	1E-30	1.0E-10	1.0E+10	1E-30	1.0E-10
15	0.000000000003	1.0E+10	100000000000	1E-30	0.000000000265	1.0E+10	1E-30	1.0E+10	0.29	1E-30	1.50016901939565E-11	9.42583994095274E-02	1E-30	7.81883743127486E-12	0.324239549484919	1.00008181529628E-11	2.97979102052474E-11	1.0E+10	3.53861757184381E-11	9.2436030926544E-12	3.07954657063257	1.0E+10	1E-30	1.0E-10	1.0E+10	1E-30	1.0E-10	1.0E+10	1E-30	1.0E-10	1.0E+10	1E-30	1.0E-10	1.0E+10	1E-30	1.0E-10	1.0E+10	1E-30	1.0E-10	1.0E+10	1E-30	1.0E-10	1.0E+10	1E-30	1.0E-10	1.0E+10	1E-30	1.0E-10	1.0E+10	1E-30	1.0E-10	1.0E+10	1E-30	1.0E-10
16	0.0000000000033	1.0E+10	100000000000	1E-30	0.000000000163	1.0E+10	1E-30	1.0E+10	0.28	1E-30	1.12281753654093E-11	0.106606934240034	1E-30	1.14679007687672E-11	0.540412092108838	1.87359578263281E-12	1.2234946794793E-10	1.0E+10	3.48917763036282E-11	1.00479931973509E-11	1.37332123357665	1.0E+10	1E-30	1.0E-10	1.0E+10	1E-30	1.0E-10	1.0E+10	1E-30	1.0E-10	1.0E+10	1E-30	1.0E-10	1.0E+10	1E-30	1.0E-10	1.0E+10	1E-30	1.0E-10	1.0E+10	1E-30	1.0E-10	1.0E+10	1E-30	1.0E-10	1.0E+10	1E-30	1.0E-10	1.0E+10	1E-30	1.0E-10	1.0E+10	1E-30	1.0E-10
17	0.0000000000036	1.0E+10	100000000000	1E-30	0.000000000039	1.0E+10	1E-30	1.0E+10	0.295	1E-30	4.10643863648633E-11	7.22442417356954	1.07252354462057E-12	1.1246415738103E-10	1.0E+10	3.33413661736247E-12	1.0540021373976E-10	124.196837052011	1.0E+10	1E-30	1.0E-10	1.0E+10	1E-30	1.0E-10	1.0E+10	1E-30	1.0E-10	1.0E+10	1E-30	1.0E-10	1.0E+10	1E-30	1.0E-10	1.0E+10	1E-30	1.0E-10	1.0E+10	1E-30	1.0E-10	1.0E+10	1E-30	1.0E-10	1.0E+10	1E-30	1.0E-10	1.0E+10	1E-30	1.0E-10	1.0E+10	1E-30	1.0E-10	1.0E+10	1E-30	1.0E-10
18	0.0000000000039	1.0E+10	100000000000	1E-30	0.000000000105	1.0E+10	1E-30	1.0E+10	0.29	2.78364537724043E-12	1.13746061718607E-10	1.0E+10	9.16463136228998E-12	3.73704528143831E-11	12.8339666064044	1.0E+10	1E-30	1.0E-10	1.0E+10	1E-30	1.0E-10	1.0E+10	1E-30	1.0E-10	1.0E+10	1E-30	1.0E-10	1.0E+10	1E-30	1.0E-10	1.0E+10	1E-30	1.0E-10	1.0E+10	1E-30	1.0E-10	1.0E+10	1E-30	1.0E-10	1.0E+10	1E-30	1.0E-10	1.0E+10	1E-30	1.0E-10	1.0E+10	1E-30	1.0E-10	1.0E+10	1E-30	1.0E-10	1.0E+10	1E-30	1.0E-10
19	0.000000000004	1.0E+10	100000000000	1E-30	0.00000000021	1.0E+10	1E-30	1.0E+10	0.27	1E-30	2.41220504532986E-11	0.138933036904943	1E-30	1.50913727881627E-11	0.568931350606522	3.39895909497129E-12	7.30624369045524E-11	1.0E+10	3.89851243265111E-11	8.78505403797757E-12	3.27907882466875	1.0E+10	1E-30	1.0E-10	1.0E+10	1E-30	1.0E-10	1.0E+10	1E-30	1.0E-10	1.0E+10	1E-30	1.0E-10	1.0E+10	1E-30	1.0E-10	1.0E+10	1E-30	1.0E-10	1.0E+10	1E-30	1.0E-10	1.0E+10	1E-30	1.0E-10	1.0E+10	1E-30	1.0E-10	1.0E+10	1E-30	1.0E-10	1.0E+10	1E-30	1.0E-10
20	0.0000000000043	1.0E+10	100000000000	1E-30	0.000000000069	1.0E+10	1E-30	1.0E+10	0.28	1E-30	1.04728241496234E-11	0.394816168929535	2.63664442297802E-12	0.000000000123	1.0E+10	4.54377961060607E-12	7.62589419580445E-11	57.3358539704912	1.0E+10	1E-30	1.0E-10	1.0E+10	1E-30	1.0E-10	1.0E+10	1E-30	1.0E-10	1.0E+10	1E-30	1.0E-10	1.0E+10	1E-30	1.0E-10	1.0E+10	1E-30	1.0E-10	1.0E+10	1E-30	1.0E-10	1.0E+10	1E-30	1.0E-10	1.0E+10	1E-30	1.0E-10	1.0E+10	1E-30	1.0E-10	1.0E+10	1E-30	1.0E-10	1.0E+10	1E-30	1.0E-10
21	0.0000000000047	1.0E+10	100000000000	1E-30	0.000000000225	1.0E+10	1E-30	1.0E+10	0.25	1E-30	1.72410729941902E-11	0.649973139102641	3.36233738865296E-12	7.38582140077811E-11	1.0E+10	5.36571217920369E-11	6.38286983064568E-12	2.38244787246699	1.0E+10	1E-30	1.0E-10	1.0E+10	1E-30	1.0E-10	1.0E+10	1E-30	1.0E-10	1.0E+10	1E-30	1.0E-10	1.0E+10	1E-30	1.0E-10	1.0E+10	1E-30	1.0E-10	1.0E+10	1E-30	1.0E-10	1.0E+10	1E-30	1.0E-10	1.0E+10	1E-30	1.0E-10	1.0E+10	1E-30	1.0E-10	1.0E+10	1E-30	1.0E-10	1.0E+10	1E-30	1.0E-10
22	0.000000000005	1.0E+10	100000000000	1E-30	0.00000000021	1.0E+10	1E-30	1.0E+10	0.25	1E-30	2.160536260426E-11	1.0181287265353	3.37834292412319E-12	7.35082968174248E-11	1.0E+10	5.50892342438155E-11	6.21693927292378E-12	1.71756888402736	1.0E+10	1E-30	1.0E-10	1.0E+10	1E-30	1.0E-10	1.0E+10	1E-30	1.0E-10	1.0E+10	1E-30	1.0E-10	1.0E+10	1E-30	1.0E-10	1.0E+10	1E-30	1.0E-10	1.0E+10	1E-30	1.0E-10	1.0E+10	1E-30	1.0E-10	1.0E+10	1E-30	1.0E-10	1.0E+10	1E-30	1.0E-10	1.0E+10	1E-30	1.0E-10	1.0E+10	1E-30	1.0E-10
23	0.0000000000051	1.0E+10	100000000000	1E-30	0.000000000106	1.0E+10	1E-30	1.0E+10	0.24	1E-30	8.76413153902659E-12	0.110133325032402	6.87229245264406E-12	4.76024572038071E-11	1.0E+10	2.82572950783954E-12	1.24071440656185E-10	110.965678593875	1.0E+10	1E-30	1.0E-10	1.0E+10	1E-30	1.0E-10	1.0E+10	1E-30	1.0E-10	1.0E+10	1E-30	1.0E-10	1.0E+10	1E-30	1.0E-10	1.0E+10	1E-30	1.0E-10	1.0E+10	1E-30	1.0E-10	1.0E+10	1E-30	1.0E-10	1.0E+10	1E-30	1.0E-10	1.0E+10	1E-30	1.0E-10	1.0E+10	1E-30	1.0E-10	1.0E+10	1E-30	1.0E-10
24	0.0000000000056	1.0E+10	100000000000	1E-30	0.000000000022	1.0E+10	1E-30	1.0E+10	0.25	1E-30	2.42951891130084E-12	0.114488381452503	4.50165782493574E-12	0.00000000007	1.0E+10	3.38524350198411E-12	9.4464871222904E-11	58.9245670821901	4.90567489790031E-12	7.97791495787726E-11	86.6639564650195	1.0E+10	1E-30	1.0E-10	1.0E+10	1E-30	1.0E-10	1.0E+10	1E-30	1.0E-10	1.0E+10	1E-30	1.0E-10	1.0E+10	1E-30	1.0E-10	1.0E+10	1E-30	1.0E-10	1.0E+10	1E-30	1.0E-10	1.0E+10	1E-30	1.0E-10	1.0E+10	1E-30	1.0E-10	1.0E+10	1E-30	1.0E-10	1.0E+10	1E-30	1.0E-10
25	0.000000000006	1.0E+10	100000000000	1E-30	0.000000000192	1.0E+10	1E-30	1.0E+10	0.25	1E-30	2.04624117424851E-11	0.257138249619684	2.71263649947171E-12	9.15479219076562E-11	1.0E+10	1.55380750641191E-11	2.20417537225413E-11	4.80531093048743	1.0E+10	1E-30	1.0E-10	1.0E+10	1E-30	1.0E-10	1.0E+10	1E-30	1.0E-10	1.0E+10	1E-30	1.0E-10	1.0E+10	1E-30	1.0E-10	1.0E+10	1E-30	1.0E-10	1.0E+10	1E-30	1.0E-10	1.0E+10	1E-30	1.0E-10	1.0E+10	1E-30	1.0E-10	1.0E+10	1E-30	1.0E-10	1.0E+10	1E-30	1.0E-10	1.0E+10	1E-30	1.0E-10
26	0.0000000000062	1.0E+10	100000000000	1E-30	0.000000000089	1.0E+10	1E-30	1.0E+10	0.28	1.82653414973891E-12	2.06245633216763E-10	215.147999386877	1.0E+10	1E-30	1.0E-10	1.0E+10	1E-30	1.0E-10	1.0E+10	1E-30	1.0E-10	1.0E+10	1E-30	1.0E-10	1.0E+10	1E-30	1.0E-10	1.0E+10	1E-30	1.0E-10	1.0E+10	1E-30	1.0E-10	1.0E+10	1E-30	1.0E-10	1.0E+10	1E-30	1.0E-10	1.0E+10	1E-30	1.0E-10	1.0E+10	1E-30	1.0E-10	1.0E+10	1E-30	1.0E-10	1.0E+10	1E-30	1.0E-10	1.0E+10	1E-30	1.0E-10
27	0.0000000000068	1.0E+10	100000000000	1E-30	0.000000000188	1.0E+10	1E-30	1.0E+10	0.23	1E-30	1.59164586798422E-11	0.375022722448183	2.4511956876294E-12	1.01312284315278E-10	1.0E+10	4.70805136346975E-11	7.27448359087712E-12	2.71524853462789	3.36120174619873E-11	1.30472354051667E-11	7.23942412857823	1.0E+10	1E-30	1.0E-10	1.0E+10	1E-30	1.0E-10	1.0E+10	1E-30	1.0E-10	1.0E+10	1E-30	1.0E-10	1.0E+10	1E-30	1.0E-10	1.0E+10	1E-30	1.0E-10	1.0E+10	1E-30	1.0E-10	1.0E+10	1E-30	1.0E-10	1.0E+10	1E-30	1.0E-10	1.0E+10	1E-30	1.0E-10	1.0E+10	1E-30	1.0E-10
28	0.000000000007	1.0E+10	100000000000	1E-30	0.000000000195	1.0E+10	1E-30	1.0E+10	0.22	1E-30	1.29381711511721E-11	0.304848475795572	2.39981978522985E-12	9.55211089455429E-11	1.0E+10	2.96011405380013E-11	1.13055921241249E-11	3.67948606615437	4.21034643307569E-11	1.08979498266062E-11	6.1703414893014	1.0E+10	1E-30	1.0E-10	1.0E+10	1E-30	1.0E-10	1.0E+10	1E-30	1.0E-10	1.0E+10	1E-30	1.0E-10	1.0E+10	1E-30	1.0E-10	1.0E+10	1E-30	1.0E-10	1.0E+10	1E-30	1.0E-10	1.0E+10	1E-30	1.0E-10	1.0E+10	1E-30	1.0E-10	1.0E+10	1E-30	1.0E-10	1.0E+10	1E-30	1.0E-10
29	0.0000000000075	1.0E+10	100000000000	1E-30	0.000000000137	1.0E+10	1E-30	1.0E+10	0.22	1E-30	2.03569539862733E-11	0.959298856391124	2.50673975657029E-12	1.0874813388774E-10	1.0E+10	1.26867902095536E-11	2.21843135805845E-11	12.5449337825454	2.33094704455915E-11	1.98446944609437E-11	9.51789589035841	1.0E+10	1E-30	1.0E-10	1.0E+10	1E-30	1.0E-10	1.0E+10	1E-30	1.0E-10	1.0E+10	1E-30	1.0E-10	1.0E+10	1E-30	1.0E-10	1.0E+10	1E-30	1.0E-10	1.0E+10	1E-30	1.0E-10	1.0E+10	1E-30	1.0E-10	1.0E+10	1E-30	1.0E-10	1.0E+10	1E-30	1.0E-10	1.0E+10	1E-30	1.0E-10
30	0.000000000008	1.0E+10	100000000000	1E-30	0.000000000175	1.0E+10	1E-30	1.0E+10	0.22	1E-30	6.72430167136535E-12	8.45000669251318E-02	2.18896822112285E-12	1.04722144863767E-10	1.0E+10	6.48310775712459E-12	3.90712245724248E-11	5.45537209259941	5.68323005424817E-11	8.55008892704722E-12	5.08716806185645	1.0E+10	1E-30	1.0E-10	1.0E+10	1E-30	1.0E-10	1.0E+10	1E-30	1.0E-10	1.0E+10	1E-30	1.0E-10	1.0E+10	1E-30	1.0E-10	1.0E+10	1E-30	1.0E-10	1.0E+10	1E-30	1.0E-10	1.0E+10	1E-30	1.0E-10	1.0E+10	1E-30	1.0E-10	1.0E+10	1E-30	1.0E-10	1.0E+10	1E-30	1.0E-10
31	0.0000000000082	1.0E+10	100000000000	1E-30	0.000000000153	1.0E+10	1E-30	1.0E+10	0.22	1E-30	1.46324885395529E-11	0.306462123330641	0.0000000000022	0.000000000123	1.0E+10	4.35305381397412E-11	7.27371432592604E-12	1.82808379925121	3.29473080492373E-11	1.52511864113123E-11	7.87722141504528	1.0E+10	1E-30	1.0E-10	1.0E+10	1E-30	1.0E-10	1.0E+10	1E-30	1.0E-10	1.0E+10	1E-30	1.0E-10	1.0E+10	1E-30	1.0E-10	1.0E+10	1E-30	1.0E-10	1.0E+10	1E-30	1.0E-10	1.0E+10	1E-30	1.0E-10	1.0E+10	1E-30	1.0E-10	1.0E+10	1E-30	1.0E-10	1.0E+10	1E-30	1.0E-10
32	0.000000000009	1.0E+10	100000000000	1E-30	0.00000000025	1.0E+10	1E-30	1.0E+10	0.3	1E-30	2.2657466317527E-11	0.189814745952269	2.50666869007291E-12	9.90702263131038E-11	1.0E+10	2.62782699977755E-11	1.46917474759953E-11	2.68417326403517	1.0E+10	1E-30	1.0E-10	1.0E+10	1E-30	1.0E-10	1.0E+10	1E-30	1.0E-10	1.0E+10	1E-30	1.0E-10	1.0E+10	1E-30	1.0E-10	1.0E+10	1E-30	1.0E-10	1.0E+10	1E-30	1.0E-10	1.0E+10	1E-30	1.0E-10	1.0E+10	1E-30	1.0E-10	1.0E+10	1E-30	1.0E-10	1.0E+10	1E-30	1.0E-10	1.0E+10	1E-30	1.0E-10
33	0.0000000000091	1.0E+10	100000000000	1E-30	0.000000000061	1.0E+10	1E-30	1.0E+10	0.28	1E-30	2.55689717569981E-11	1.20490940747445	1.33566330365889E-12	2.10717574982283E-10	1.0E+10	8.71449970825793E-12	4.02309188914334E-11	10.850840896951	1.0E+10	1E-30	1.0E-10	1.0E+10	1E-30	1.0E-10	1.0E+10	1E-30	1.0E-10	1.0E+10	1E-30	1.0E-10	1.0E+10	1E-30	1.0E-10	1.0E+10	1E-30	1.0E-10	1.0E+10	1E-30	1.0E-10	1.0E+10	1E-30	1.0E-10	1.0E+10	1E-30	1.0E-10	1.0E+10	1E-30	1.0E-10	1.0E+10	1E-30	1.0E-10	1.0E+10	1E-30	1.0E-10
34	0.00000000001	1.0E+10	100000000000	1E-30	1.67520532312923E-10	1.0E+10	1E-30	1.0E+10	0.182695493986585	1E-30	3.36797979937166E-11	0.236652956469075	8.61321659018152E-11	5.82810151920125E-12	2.58552458849865	1.59406669086269E-11	2.0906721652283E-11	4.82397536221995	1.43638368992905E-12	1.4715317143925E-10	933790778.202997	1.0E+10	1E-30	1.0E-10	1.0E+10	1E-30	1.0E-10	1.0E+10	1E-30	1.0E-10	1.0E+10	1E-30	1.0E-10	1.0E+10	1E-30	1.0E-10	1.0E+10	1E-30	1.0E-10	1.0E+10	1E-30	1.0E-10	1.0E+10	1E-30	1.0E-10	1.0E+10	1E-30	1.0E-10	1.0E+10	1E-30	1.0E-10	1.0E+10	1E-30	1.0E-10
35	0.000000000012	1.0E+10	100000000000	1E-30	4.16336081197456E-11	1.0E+10	1E-30	1.0E+10	0.180047605003201	1E-30	4.3188828679213E-11	0.185769029001404	5.20556391320508E-11	1.1164144928996E-11	3.68361519868745	5.63076150065183E-12	5.55267600962913E-11	16.8245600817546	1.33334909995666E-12	2.21031352799354E-10	100000	1.0E+10	1E-30	1.0E-10	1.0E+10	1E-30	1.0E-10	1.0E+10	1E-30	1.0E-10	1.0E+10	1E-30	1.0E-10	1.0E+10	1E-30	1.0E-10	1.0E+10	1E-30	1.0E-10	1.0E+10	1E-30	1.0E-10	1.0E+10	1E-30	1.0E-10	1.0E+10	1E-30	1.0E-10	1.0E+10	1E-30	1.0E-10	1.0E+10	1E-30	1.0E-10
36	0.000000000015	1.0E+10	100000000000	1E-30	1.45904284214617E-10	1.0E+10	1E-30	1.0E+10	0.196822918452872	1E-30	2.0025490459077E-11	0.684655003384734	1E-30	2.68367435937809E-11	0.094892955764741	2.20693082022778E-11	1.62198921217636E-11	4.00021072665874	1.39127627335571E-12	1.74432221861614E-10	100000	1.0E+10	1E-30	1.0E-10	1.0E+10	1E-30	1.0E-10	1.0E+10	1E-30	1.0E-10	1.0E+10	1E-30	1.0E-10	1.0E+10	1E-30	1.0E-10	1.0E+10	1E-30	1.0E-10	1.0E+10	1E-30	1.0E-10	1.0E+10	1E-30	1.0E-10	1.0E+10	1E-30	1.0E-10	1.0E+10	1E-30	1.0E-10	1.0E+10	1E-30	1.0E-10
37	0.000000000018	1.0E+10	100000000000	1E-30	1.60358918194471E-10	1.0E+10	1E-30	1.0E+10	0.172570329787275	1E-30	4.43848763188173E-11	0.183845165276013	1.247906078798E-10	7.64701592034761E-12	1.74709037557457	7.39071502667888E-12	3.89467420502795E-11	5.70180578096866	1.6661742096592E-12	1.61315963348188E-10	100000	1.0E+10	1E-30	1.0E-10	1.0E+10	1E-30	1.0E-10	1.0E+10	1E-30	1.0E-10	1.0E+10	1E-30	1.0E-10	1.0E+10	1E-30	1.0E-10	1.0E+10	1E-30	1.0E-10	1.0E+10	1E-30	1.0E-10	1.0E+10	1E-30	1.0E-10	1.0E+10	1E-30	1.0E-10	1.0E+10	1E-30	1.0E-10	1.0E+10	1E-30	1.0E-10
38	0.000000000022	1.0E+10	100000000000	1E-30	1.49302831580557E-10	1.0E+10	1E-30	1.0E+10	0.15574807256451	1E-30	3.33462776084698E-11	0.173043764829747	9.05262559981744E-10	1.21759589923441E-12	0.271431645669325	9.7137446735545E-12	3.54783481994383E-11	9.40979526040407	9.9728004599327E-13	1.64521614206271E-10	100000	1.0E+10	1E-30	1.0E-10	1.0E+10	1E-30	1.0E-10	1.0E+10	1E-30	1.0E-10	1.0E+10	1E-30	1.0E-10	1.0E+10	1E-30	1.0E-10	1.0E+10	1E-30	1.0E-10	1.0E+10	1E-30	1.0E-10	1.0E+10	1E-30	1.0E-10	1.0E+10	1E-30	1.0E-10	1.0E+10	1E-30	1.0E-10	1.0E+10	1E-30	1.0E-10
39	0.000000000027	1.0E+10	100000000000	1E-30	6.13005757096055E-11	1.0E+10	1E-30	1.0E+10	0.201158534069956	1E-30	9.48053496547226E-12	0.15226201484965	2.12008525972306E-10	7.11346289964257E-12	1.21080753681336	9.85937973864446E-12	3.08792926200928E-11	5.34268163688806	6.91693722454191E-13	2.54171151997609E-10	100000	1.0E+10	1E-30	1.0E-10	1.0E+10	1E-30	1.0E-10	1.0E+10	1E-30	1.0E-10	1.0E+10	1E-30	1.0E-10	1.0E+10	1E-30	1.0E-10	1.0E+10	1E-30	1.0E-10	1.0E+10	1E-30	1.0E-10	1.0E+10	1E-30	1.0E-10	1.0E+10	1E-30	1.0E-10	1.0E+10	1E-30	1.0E-10	1.0E+10	1E-30	1.0E-10
40	0.000000000033	1.0E+10	100000000000	1E-30	7.48286731325781E-11	1.0E+10	1E-30	1.0E+10	0.127430241189145	1E-30	2.67052936782424E-11	0.129842893433889	7.64870852144402E-10	1.9188288341801E-12	0.518151904957271	4.03961827626008E-11	1.35464508406815E-11	4.45940849217114	6.81956129663954E-12	4.96606805862073E-11	7.18971172729949	8.90773945128163E-13	2.2144841997432E-10	100000	1.0E+10	1E-30	1.0E-10	1.0E+10	1E-30	1.0E-10	1.0E+10	1E-30	1.0E-10	1.0E+10	1E-30	1.0E-10	1.0E+10	1E-30	1.0E-10	1.0E+10	1E-30	1.0E-10	1.0E+10	1E-30	1.0E-10	1.0E+10	1E-30	1.0E-10	1.0E+10	1E-30	1.0E-10	1.0E+10	1E-30	1.0E-10
41	0.000000000039	1.0E+10	100000000000	1E-30	6.16595001861482E-12	1.0E+10	1E-30	1.0E+10	0.111166987064796	1E-30	2.78360154436357E-11	0.114377342471618	4.74110678094521E-10	3.92052597720967E-12	0.78880633630415	2.81387910399609E-11	2.41960901082482E-11	6.35324267818844	3.04092476947397E-12	1.00378448322511E-10	25.5729652378711	1.32736740391744E-12	2.16973455387463E-10	100000	1.0E+10	1E-30	1.0E-10	1.0E+10	1E-30	1.0E-10	1.0E+10	1E-30	1.0E-10	1.0E+10	1E-30	1.0E-10	1.0E+10	1E-30	1.0E-10	1.0E+10	1E-30	1.0E-10	1.0E+10	1E-30	1.0E-10	1.0E+10	1E-30	1.0E-10	1.0E+10	1E-30	1.0E-10	1.0E+10	1E-30	1.0E-10
42	0.000000000047	1.0E+10	100000000000	1E-30	9.63980046168358E-11	1.0E+10	1E-30	1.0E+10	0.106191867657621	1E-30	2.92973457400896E-11	0.139570481010573	4.50412894681858E-10	5.46739115381102E-12	0.762358146260864	5.45133770575658E-11	1.74129910987005E-11	3.1301505175987	1.74887288275511E-11	1.88233791806996E-11	3.17921129436449	7.86111069996748E-13	1.99322432906232E-10	100000	1.0E+10	1E-30	1.0E-10	1.0E+10	1E-30	1.0E-10	1.0E+10	1E-30	1.0E-10	1.0E+10	1E-30	1.0E-10	1.0E+10	1E-30	1.0E-10	1.0E+10	1E-30	1.0E-10	1.0E+10	1E-30	1.0E-10	1.0E+10	1E-30	1.0E-10	1.0E+10	1E-30	1.0E-10	1.0E+10	1E-30	1.0E-10
43	0.000000000056	1.0E+10	100000000000	1E-30	8.26420688697939E-12	1.0E+10	1E-30	1.0E+10	0.178782472493077	1E-30	1.94283067107509E-11	0.478711133696627	1E-30	5.82775061872969E-11	0.145313469493835	2.71384523797011E-11	2.08299249167126E-11	2.25800741087619	1.55555609333944E-11	2.1274520904017E-11	4.95683447760036	5.83411062730182E-13	3.41525466970114E-10	100000	1.0E+10	1E-30	1.0E-10	1.0E+10	1E-30	1.0E-10	1.0E+10	1E-30	1.0E-10	1.0E+10	1E-30	1.0E-10	1.0E+10	1E-30	1.0E-10	1.0E+10	1E-30	1.0E-10	1.0E+10	1E-30	1.0E-10	1.0E+10	1E-30	1.0E-10	1.0E+10	1E-30	1.0E-10	1.0E+10	1E-30	1.0E-10
44	0.000000000068	1.0E+10	100000000000	1E-30	1.10679718105893E-10	1.0E+10	1E-30	1.0E+10	0.154686370580203	1E-30	3.78568091032553E-11	0.288398397557933	6.80718974413315E-11	1.26240143412858E-11	1.53475027825992	1.4814832257149E-11	2.5895888841372E-11	6.27509750038942	7.4900477157471E-13	2.69497975532839E-10	100000	1.0E+10	1E-30	1.0E-10	1.0E+10	1E-30	1.0E-10	1.0E+10	1E-30	1.0E-10	1.0E+10	1E-30	1.0E-10	1.0E+10	1E-30	1.0E-10	1.0E+10	1E-30	1.0E-10	1.0E+10	1E-30	1.0E-10	1.0E+10	1E-30	1.0E-10	1.0E+10	1E-30	1.0E-10	1.0E+10	1E-30	1.0E-10	1.0E+10	1E-30	1.0E-10
45	0.000000000082	1.0E+10	100000000000	1E-30	4.28236114820112E-12	1.0E+10	1E-30	1.0E+10	0.139549121769216	1E-30	3.70682179242311E-11	0.158867630974565	1.92633109507973E-09	1.64819224637263E-12	9.08356763972439E-02	1.08491585366373E-10	9.77031846838628E-12	1.27716969759236	1.69205319827577E-12	1.88968057470236E-10	53.0087299785207	1.57631370970167E-12	1.95774039117486E-10	100000	1.0E+10	1E-30	1.0E-10	1.0E+10	1E-30	1.0E-10	1.0E+10	1E-30	1.0E-10	1.0E+10	1E-30	1.0E-10	1.0E+10	1E-30	1.0E-10	1.0E+10	1E-30	1.0E-10	1.0E+10	1E-30	1.0E-10	1.0E+10	1E-30	1.0E-10	1.0E+10	1E-30	1.0E-10	1.0E+10	1E-30	1.0E-10
46	1.0E-10	1.0E+10	100000000000	1E-30	6.87260295830332E-11	1.0E+10	1E-30	1.0E+10	0.117668873900235	1E-30	3.8455665701109E-11	0.222681853714306	1.06620447771493E-10	1.41199827436612E-11	1.14408819671255	8.1687285167548E-12	4.19426420836468E-11	6.90248156201084	7.82415193940226E-13	2.70148658939284E-10	100000	1.0E+10	1E-30	1.0E-10	1.0E+10	1E-30	1.0E-10	1.0E+10	1E-30	1.0E-10	1.0E+10	1E-30	1.0E-10	1.0E+10	1E-30	1.0E-10	1.0E+10	1E-30	1.0E-10	1.0E+10	1E-30	1.0E-10	1.0E+10	1E-30	1.0E-10	1.0E+10	1E-30	1.0E-10	1.0E+10	1E-30	1.0E-10	1.0E+10	1E-30	1.0E-10
47	1.20228084244114E-10	1.0E+10	100000000000	1E-30	0.000000000145	1.0E+10	1E-30	1.0E+10	0.12	2.74134372509241E-12	1.02667801109231E-10	1.0E+10	2.68441687149246E-12	7.25850117210328E-11	4.39173779938642	2.15395636595705E-10	1.73962910906439E-11	1.1560955556328	8.88720698659568E-10	9.86227538840755E-12	0.569392725831552	1.0E+10	1E-30	1.0E-10	1.0E+10	1E-30	1.0E-10	1.0E+10	1E-30	1.0E-10	1.0E+10	1E-30	1.0E-10	1.0E+10	1E-30	1.0E-10	1.0E+10	1E-30	1.0E-10	1.0E+10	1E-30	1.0E-10	1.0E+10	1E-30	1.0E-10	1.0E+10	1E-30	1.0E-10	1.0E+10	1E-30	1.0E-10	1.0E+10	1E-30	1.0E-10
48	0.00000000015	1.0E+10	100000000000	1E-30	1.49302831580557E-10	1.0E+10	1E-30	1.0E+10	8.71356517742513E-02	1E-30	1.15195558316491E-11	4.61486288701062E-02	1.47446620376668E-09	7.15167112798697E-12	0.275234866081611	2.51101993678052E-10	1.72821398793645E-11	0.855366318309253	6.99094389383351E-12	4.64389063753606E-11	1.71245157463578	1.46332826073665E-12	1.5125102674213E-10	100000	1.0E+10	1E-30	1.0E-10	1.0E+10	1E-30	1.0E-10	1.0E+10	1E-30	1.0E-10	1.0E+10	1E-30	1.0E-10	1.0E+10	1E-30	1.0E-10	1.0E+10	1E-30	1.0E-10	1.0E+10	1E-30	1.0E-10	1.0E+10	1E-30	1.0E-10	1.0E+10	1E-30	1.0E-10	1.0E+10	1E-30	1.0E-10
49	0.00000000018	1.0E+10	100000000000	1E-30	0.000000000115	1.0E+10	1E-30	1.0E+10	0.1	1E-30	1.74357681686693E-11	0.547760811883862	1E-30	1.17191340066995E-10	13.2540283086774	3.3650390257082E-12	8.36387721478486E-11	1.0E+10	2.98019775370239E-10	2.02249500704812E-11	0.998727056569335	1.78059943568076E-09	7.8056036469351E-12	0.429724945600452	1.0E+10	1E-30	1.0E-10	1.0E+10	1E-30	1.0E-10	1.0E+10	1E-30	1.0E-10	1.0E+10	1E-30	1.0E-10	1.0E+10	1E-30	1.0E-10	1.0E+10	1E-30	1.0E-10	1.0E+10	1E-30	1.0E-10	1.0E+10	1E-30	1.0E-10	1.0E+10	1E-30	1.0E-10	1.0E+10	1E-30	1.0E-10
50	0.00000000022	1.0E+10	100000000000	1E-30	2.06095279374456E-10	1.0E+10	1E-30	1.0E+10	0.095	1E-30	4.83827046680692E-11	1.04006960761915	2.61980492430005E-09	5.20008973243593E-12	0.133972637226374	3.4123427664977E-10	1.62125393519295E-11	0.56240044449034	6.81052921626979E-11	5.32910677146342E-12	1.13776429937261	1.66417254376572E-12	1.29969587020711E-10	824748801.672243	1.0E+10	1E-30	1.0E-10	1.0E+10	1E-30	1.0E-10	1.0E+10	1E-30	1.0E-10	1.0E+10	1E-30	1.0E-10	1.0E+10	1E-30	1.0E-10	1.0E+10	1E-30	1.0E-10	1.0E+10	1E-30	1.0E-10	1.0E+10	1E-30	1.0E-10	1.0E+10	1E-30	1.0E-10	1.0E+10	1E-30	1.0E-10
51	0.00000000022	1.0E+10	1.0E+10	1E-30	0.00000000015	1.0E+10	1E-30	1.0E+10	0.520442889865125	2.20782760879518E-08	1.0E+10	9.01083391077953	8.2206389297765E-09	1.0E+10	2.97852467058266	4.92568152628962E-08	1.0E+10	1.07704177410067	2.44469274291753E-09	1.0E+10	1.00157273061114	1.25868815991887E-09	1.0E+10	0.505780377252947	6.9600332987544E-11	4.32745888230579E-11	0.796142441389017	1.66132486101597E-12	1.78592022677572E-10	19.9342998197694	1.0E+10	1E-30	1.0E-10	1.0E+10	1E-30	1.0E-10	1.0E+10	1E-30	1.0E-10	1.0E+10	1E-30	1.0E-10	1.0E+10	1E-30	1.0E-10	1.0E+10	1E-30	1.0E-10	1.0E+10	1E-30	1.0E-10	1.0E+10	1E-30	1.0E-10
52	0.00000000022	1.0E+10	1.0E+10	1E-30	0.00000000015	1.0E+10	1E-30	1.0E+10	0.520442889865125	2.20782760879518E-08	1.0E+10	9.01083391077953	8.2206389297765E-09	1.0E+10	2.97852467058266	4.92568152628962E-08	1.0E+10	1.07704177410067	2.44469274291753E-09	1.0E+10	1.00157273061114	1.25868815991887E-09	1.0E+10	0.505780377252947	6.9600332987544E-11	4.32745888230579E-11	0.796142441389017	1.66132486101597E-12	1.78592022677572E-10	19.9342998197694	1.0E+10	1E-30	1.0E-10	1.0E+10	1E-30	1.0E-10	1.0E+10	1E-30	1.0E-10	1.0E+10	1E-30	1.0E-10	1.0E+10	1E-30	1.0E-10	1.0E+10	1E-30	1.0E-10	1.0E+10	1E-30	1.0E-10	1.0E+10	1E-30	1.0E-10
53	0.00000000022	1.0E+10	1.0E+10	1E-30	0.00000000016	1.0E+10	1E-30	1.0E+10	0.482073182857828	6.08621671536355E-09	1.0E+10	87.1668725883178	2.30456384929604E-08	1.0E+10	7.67341836554798	9.32542365414511E-09	1.0E+10	3.1030506981291	2.35721316517832E-09	1.0E+10	1.22760481774908	1.00003222393297E-09	1.0E+10	0.454713756168387	9.22654652422965E-11	3.26441294592112E-11	0.600569009007606	1.90069552813364E-12	1.79522952688314E-10	17.5941643516372	1.0E+10	1E-30	1.0E-10	1.0E+10	1E-30	1.0E-10	1.0E+10	1E-30	1.0E-10	1.0E+10	1E-30	1.0E-10	1.0E+10	1E-30	1.0E-10	1.0E+10	1E-30	1.0E-10	1.0E+10	1E-30	1.0E-10	1.0E+10	1E-30	1.0E-10
54	2.25124458301766E-10	1.0E+10	1.0E+10	1E-30	0.000000000165	1.0E+10	1E-30	1.0E+10	0.528112976059979	6.23770609612299E-09	1.0E+10	85.0499316251408	1.8367859729145E-08	1.0E+10	9.62762282951585	7.71033008584873E-09	1.0E+10	2.75223743246311	1.75302219831973E-09	1.0E+10	1.21051856041865	1.79478841862714E-09	1.0E+10	0.295587196500178	7.67235506901064E-11	3.92568613534236E-11	0.722226467985105	1.90671212682429E-12	1.70130784298992E-10	18.1267051211024	1.0E+10	1E-30	1.0E-10	1.0E+10	1E-30	1.0E-10	1.0E+10	1E-30	1.0E-10	1.0E+10	1E-30	1.0E-10	1.0E+10	1E-30	1.0E-10	1.0E+10	1E-30	1.0E-10	1.0E+10	1E-30	1.0E-10	1.0E+10	1E-30	1.0E-10
55	2.25124458301766E-10	1.0E+10	1.0E+10	1E-30	0.000000000165	1.0E+10	1E-30	1.0E+10	0.528112976059979	6.23770609612299E-09	1.0E+10	85.0499316251408	1.8367859729145E-08	1.0E+10	9.62762282951585	7.71033008584873E-09	1.0E+10	2.75223743246311	1.75302219831973E-09	1.0E+10	1.21051856041865	1.79478841862714E-09	1.0E+10	0.295587196500178	7.67235506901064E-11	3.92568613534236E-11	0.722226467985105	1.90671212682429E-12	1.70130784298992E-10	18.1267051211024	1.0E+10	1E-30	1.0E-10	1.0E+10	1E-30	1.0E-10	1.0E+10	1E-30	1.0E-10	1.0E+10	1E-30	1.0E-10	1.0E+10	1E-30	1.0E-10	1.0E+10	1E-30	1.0E-10	1.0E+10	1E-30	1.0E-10	1.0E+10	1E-30	1.0E-10
56	0.00000000027	1.0E+10	100000000000	1E-30	0.000000000123	1.0E+10	1E-30	1.0E+10	0.1	1E-30	6.58147568023286E-11	2.48115787761594	2.12604419199679E-12	1.32380941750552E-10	1.0E+10	6.72314205288218E-12	4.18625294729823E-11	1.0E+10	1.43954948839421E-11	2.43543090229863E-11	7.55792347651656	4.28996699457988E-10	1.82238990996265E-11	0.562111208487639	3.52097463488213E-09	5.16670127186069E-12	0.130982942795946	1.0E+10	1E-30	1.0E-10	1.0E+10	1E-30	1.0E-10	1.0E+10	1E-30	1.0E-10	1.0E+10	1E-30	1.0E-10	1.0E+10	1E-30	1.0E-10	1.0E+10	1E-30	1.0E-10	1.0E+10	1E-30	1.0E-10	1.0E+10	1E-30	1.0E-10	1.0E+10	1E-30	1.0E-10
57	0.00000000033	1.0E+10	100000000000	1E-30	1.98153778016855E-10	1.0E+10	1E-30	1.0E+10	7.51122076816265E-02	1E-30	6.23811760672933E-11	0.9536973751895	4.12893795421875E-09	5.92264770642547E-12	0.188545180691521	7.02424727385407E-10	1.49625489809783E-11	0.46398372891104	6.026008462725E-11	5.81125558509052E-12	0.777607424863811	2.32571640059326E-12	1.04347809355809E-10	100000	1.0E+10	1E-30	1.0E-10	1.0E+10	1E-30	1.0E-10	1.0E+10	1E-30	1.0E-10	1.0E+10	1E-30	1.0E-10	1.0E+10	1E-30	1.0E-10	1.0E+10	1E-30	1.0E-10	1.0E+10	1E-30	1.0E-10	1.0E+10	1E-30	1.0E-10	1.0E+10	1E-30	1.0E-10	1.0E+10	1E-30	1.0E-10
58	0.00000000039	1.0E+10	100000000000	1E-30	0.000000000158	1.0E+10	1E-30	1.0E+10	0.075	1E-30	4.36801675120368E-11	0.914835289089243	2.35318002568497E-12	1.19603145219585E-10	1.0E+10	1.15389590819269E-11	2.96808768844756E-11	4.871199111408	9.05112868373459E-10	4.82513568305012E-12	0.195377650497281	6.9601272052083E-10	1.96763830942447E-11	0.590172189137159	3.21848242867039E-09	9.50399799910317E-12	0.245931349696579	1.0E+10	1E-30	1.0E-10	1.0E+10	1E-30	1.0E-10	1.0E+10	1E-30	1.0E-10	1.0E+10	1E-30	1.0E-10	1.0E+10	1E-30	1.0E-10	1.0E+10	1E-30	1.0E-10	1.0E+10	1E-30	1.0E-10	1.0E+10	1E-30	1.0E-10	1.0E+10	1E-30	1.0E-10
59	0.00000000047	1.0E+10	100000000000	1E-30	0.00000000013	1.0E+10	1E-30	1.0E+10	5.29062938571426E-02	1E-30	7.92543921792337E-11	0.677281073641942	6.71769320427336E-09	5.61473232170162E-12	0.207117189926581	1.85034004621793E-09	9.34973521699605E-12	0.401684660529288	7.68865626093125E-11	4.5756976705078E-12	1.64425695080452	1.49929698923675E-12	1.25647086500321E-10	100000	1.0E+10	1E-30	1.0E-10	1.0E+10	1E-30	1.0E-10	1.0E+10	1E-30	1.0E-10	1.0E+10	1E-30	1.0E-10	1.0E+10	1E-30	1.0E-10	1.0E+10	1E-30	1.0E-10	1.0E+10	1E-30	1.0E-10	1.0E+10	1E-30	1.0E-10	1.0E+10	1E-30	1.0E-10	1.0E+10	1E-30	1.0E-10
60	4.6379796172127E-10	1.0E+10	1.0E+10	1E-30	0.000000000172	1.0E+10	1E-30	1.0E+10	0.385701243628588	5.05108962810902E-08	1.0E+10	25.6115024812743	3.0568131499156E-08	1.0E+10	5.93555388071761	1.88349485081839E-08	1.0E+10	1.34656897195544	6.9972155493028E-09	1.0E+10	0.498316046641705	3.65141525325982E-09	1.0E+10	0.22189551726208	1.54246146057846E-10	3.09478117017141E-11	0.452259576732858	2.0389984770974E-12	1.70712542126157E-10	16.7149721928309	1.0E+10	1E-30	1.0E-10	1.0E+10	1E-30	1.0E-10	1.0E+10	1E-30	1.0E-10	1.0E+10	1E-30	1.0E-10	1.0E+10	1E-30	1.0E-10	1.0E+10	1E-30	1.0E-10	1.0E+10	1E-30	1.0E-10	1.0E+10	1E-30	1.0E-10
61	4.6379796172127E-10	1.0E+10	1.0E+10	1E-30	0.000000000172	1.0E+10	1E-30	1.0E+10	0.385701243628588	5.05108962810902E-08	1.0E+10	25.6115024812743	3.0568131499156E-08	1.0E+10	5.93555388071761	1.88349485081839E-08	1.0E+10	1.34656897195544	6.9972155493028E-09	1.0E+10	0.498316046641705	3.65141525325982E-09	1.0E+10	0.22189551726208	1.54246146057846E-10	3.09478117017141E-11	0.452259576732858	2.0389984770974E-12	1.70712542126157E-10	16.7149721928309	1.0E+10	1E-30	1.0E-10	1.0E+10	1E-30	1.0E-10	1.0E+10	1E-30	1.0E-10	1.0E+10	1E-30	1.0E-10	1.0E+10	1E-30	1.0E-10	1.0E+10	1E-30	1.0E-10	1.0E+10	1E-30	1.0E-10	1.0E+10	1E-30	1.0E-10
62	4.75726524071926E-10	1.0E+10	1.0E+10	1E-30	0.000000000144	1.0E+10	1E-30	1.0E+10	0.410868097402298	4.70683105949876E-08	1.0E+10	33.8136085786865	3.35786490770526E-08	1.0E+10	5.26640679474243	2.3909977884888E-08	1.0E+10	1.1282074041742	8.900375434174E-09	1.0E+10	0.458508296295705	4.12866474283111E-09	1.0E+10	0.321239740944186	6.24837350842377E-11	4.82033570484117E-11	0.886819249065187	1.91540063717806E-12	1.92450234009833E-10	18.8433741886459	1.0E+10	1E-30	1.0E-10	1.0E+10	1E-30	1.0E-10	1.0E+10	1E-30	1.0E-10	1.0E+10	1E-30	1.0E-10	1.0E+10	1E-30	1.0E-10	1.0E+10	1E-30	1.0E-10	1.0E+10	1E-30	1.0E-10	1.0E+10	1E-30	1.0E-10
63	4.73615698211527E-10	1.0E+10	1.0E+10	1E-30	0.00000000018	1.0E+10	1E-30	1.0E+10	0.402501750477577	6.92047171180272E-09	1.0E+10	459.954031227264	3.84965716842973E-08	1.0E+10	13.7808759004216	2.12617088451038E-08	1.0E+10	2.4146838147967	1.0325301749003E-08	1.0E+10	0.616562874231789	3.7533267561663E-09	1.0E+10	0.353364169600612	6.27085338125631E-11	4.74642825537516E-11	0.897890396652	1.91683881632409E-12	0.00000000017	16.1432172192017	1.0E+10	1E-30	1.0E-10	1.0E+10	1E-30	1.0E-10	1.0E+10	1E-30	1.0E-10	1.0E+10	1E-30	1.0E-10	1.0E+10	1E-30	1.0E-10	1.0E+10	1E-30	1.0E-10	1.0E+10	1E-30	1.0E-10	1.0E+10	1E-30	1.0E-10
64	4.73615698211527E-10	1.0E+10	1.0E+10	1E-30	0.00000000018	1.0E+10	1E-30	1.0E+10	0.402501750477577	6.92047171180272E-09	1.0E+10	459.954031227264	3.84965716842973E-08	1.0E+10	13.7808759004216	2.12617088451038E-08	1.0E+10	2.4146838147967	1.0325301749003E-08	1.0E+10	0.616562874231789	3.7533267561663E-09	1.0E+10	0.353364169600612	6.27085338125631E-11	4.74642825537516E-11	0.897890396652	1.91683881632409E-12	0.00000000017	16.1432172192017	1.0E+10	1E-30	1.0E-10	1.0E+10	1E-30	1.0E-10	1.0E+10	1E-30	1.0E-10	1.0E+10	1E-30	1.0E-10	1.0E+10	1E-30	1.0E-10	1.0E+10	1E-30	1.0E-10	1.0E+10	1E-30	1.0E-10	1.0E+10	1E-30	1.0E-10
65	1.00856668387992E-09	1.0E+10	1.0E+10	1E-30	1.44676703981414E-10	1.0E+10	1E-30	1.0E+10	0.245400631009476	2.89484783426526E-08	1.0E+10	109.95738097736	7.87098823689998E-08	1.0E+10	3.37007540225934	5.50038589481492E-08	1.0E+10	1.03340115023259	2.93302921471443E-08	1.0E+10	0.387592805547848	1.0186420647356E-08	1.0E+10	0.173602516310342	1E-30	4.07832710447173E-11	0.549104677300479	1.85282304786454E-09	1.12985041263655E-11	0.12055946680009	2.04178450309505E-12	1.58833736227939E-10	21.6405984768019	1.0E+10	1E-30	1.0E-10	1.0E+10	1E-30	1.0E-10	1.0E+10	1E-30	1.0E-10	1.0E+10	1E-30	1.0E-10	1.0E+10	1E-30	1.0E-10	1.0E+10	1E-30	1.0E-10	1.0E+10	1E-30	1.0E-10
66	1.00856668387992E-09	1.0E+10	1.0E+10	1E-30	1.44676703981414E-10	1.0E+10	1E-30	1.0E+10	0.245400631009476	2.89484783426526E-08	1.0E+10	109.95738097736	7.87098823689998E-08	1.0E+10	3.37007540225934	5.50038589481492E-08	1.0E+10	1.03340115023259	2.93302921471443E-08	1.0E+10	0.387592805547848	1.0186420647356E-08	1.0E+10	0.173602516310342	1E-30	4.07832710447173E-11	0.549104677300479	1.85282304786454E-09	1.12985041263655E-11	0.12055946680009	2.04178450309505E-12	1.58833736227939E-10	21.6405984768019	1.0E+10	1E-30	1.0E-10	1.0E+10	1E-30	1.0E-10	1.0E+10	1E-30	1.0E-10	1.0E+10	1E-30	1.0E-10	1.0E+10	1E-30	1.0E-10	1.0E+10	1E-30	1.0E-10	1.0E+10	1E-30	1.0E-10
67	1.00856668387992E-09	1.0E+10	1.0E+10	1E-30	1.44676703981414E-10	1.0E+10	1E-30	1.0E+10	0.245400631009476	2.89484783426526E-08	1.0E+10	109.95738097736	7.87098823689998E-08	1.0E+10	3.37007540225934	5.50038589481492E-08	1.0E+10	1.03340115023259	2.93302921471443E-08	1.0E+10	0.387592805547848	1.0186420647356E-08	1.0E+10	0.173602516310342	1E-30	4.07832710447173E-11	0.549104677300479	1.85282304786454E-09	1.12985041263655E-11	0.12055946680009	2.04178450309505E-12	1.58833736227939E-10	21.6405984768019	1.0E+10	1E-30	1.0E-10	1.0E+10	1E-30	1.0E-10	1.0E+10	1E-30	1.0E-10	1.0E+10	1E-30	1.0E-10	1.0E+10	1E-30	1.0E-10	1.0E+10	1E-30	1.0E-10	1.0E+10	1E-30	1.0E-10
68	9.75175611148657E-10	1.0E+10	1.0E+10	1E-30	0.000000000175	1.0E+10	1E-30	1.0E+10	0.260866720455492	5.77967254167561E-08	1.0E+10	10.4941409723313	3.76184366435358E-08	1.0E+10	0.961538575305104	9.67984729083504E-09	1.0E+10	0.304479365470111	1E-30	1.82925929500338E-11	0.595576165588232	9.65004061842744E-10	1.82284033474936E-11	0.195383556473379	2.1951185201022E-12	1.35295763413159E-10	12.3061927881385	1.0E+10	1E-30	1.0E-10	1.0E+10	1E-30	1.0E-10	1.0E+10	1E-30	1.0E-10	1.0E+10	1E-30	1.0E-10	1.0E+10	1E-30	1.0E-10	1.0E+10	1E-30	1.0E-10	1.0E+10	1E-30	1.0E-10	1.0E+10	1E-30	1.0E-10	1.0E+10	1E-30	1.0E-10
69	9.75175611148657E-10	1.0E+10	1.0E+10	1E-30	0.000000000175	1.0E+10	1E-30	1.0E+10	0.260866720455492	5.77967254167561E-08	1.0E+10	10.4941409723313	3.76184366435358E-08	1.0E+10	0.961538575305104	9.67984729083504E-09	1.0E+10	0.304479365470111	1E-30	1.82925929500338E-11	0.595576165588232	9.65004061842744E-10	1.82284033474936E-11	0.195383556473379	2.1951185201022E-12	1.35295763413159E-10	12.3061927881385	1.0E+10	1E-30	1.0E-10	1.0E+10	1E-30	1.0E-10	1.0E+10	1E-30	1.0E-10	1.0E+10	1E-30	1.0E-10	1.0E+10	1E-30	1.0E-10	1.0E+10	1E-30	1.0E-10	1.0E+10	1E-30	1.0E-10	1.0E+10	1E-30	1.0E-10	1.0E+10	1E-30	1.0E-10
70	1.54604356684644E-09	1.0E+10	1.0E+10	1E-30	5.57350038774896E-11	1.0E+10	1E-30	1.0E+10	0.21	2.34228116547509E-08	1.0E+10	113.247821139649	9.5418321452061E-08	1.0E+10	1.8533005293591	5.85541544358786E-08	1.0E+10	0.427732677982858	2.55620142044477E-08	1.0E+10	0.137054267665495	1E-30	3.7107464421426E-11	2.76742563218932	1E-30	2.67762381365458E-11	0.336480132082173	1.62340820269575E-09	1.40291885877368E-11	0.100550819538421	2.90996875324316E-12	1.20479757918916E-10	13.5838390585666	2.56894500809246E-12	9.02163565525086E-11	100000	1.0E+10	1E-30	1.0E-10	1.0E+10	1E-30	1.0E-10	1.0E+10	1E-30	1.0E-10	1.0E+10	1E-30	1.0E-10	1.0E+10	1E-30	1.0E-10	1.0E+10	1E-30	1.0E-10
71	1.54604356684644E-09	1.0E+10	1.0E+10	1E-30	5.57350038774896E-11	1.0E+10	1E-30	1.0E+10	0.21	2.34228116547509E-08	1.0E+10	113.247821139649	9.5418321452061E-08	1.0E+10	1.8533005293591	5.85541544358786E-08	1.0E+10	0.427732677982858	2.55620142044477E-08	1.0E+10	0.137054267665495	1E-30	3.7107464421426E-11	2.76742563218932	1E-30	2.67762381365458E-11	0.336480132082173	1.62340820269575E-09	1.40291885877368E-11	0.100550819538421	2.90996875324316E-12	1.20479757918916E-10	13.5838390585666	2.56894500809246E-12	9.02163565525086E-11	100000	1.0E+10	1E-30	1.0E-10	1.0E+10	1E-30	1.0E-10	1.0E+10	1E-30	1.0E-10	1.0E+10	1E-30	1.0E-10	1.0E+10	1E-30	1.0E-10	1.0E+10	1E-30	1.0E-10
72	1.54604356684644E-09	1.0E+10	1.0E+10	1E-30	5.57350038774896E-11	1.0E+10	1E-30	1.0E+10	0.21	2.34228116547509E-08	1.0E+10	113.247821139649	9.5418321452061E-08	1.0E+10	1.8533005293591	5.85541544358786E-08	1.0E+10	0.427732677982858	2.55620142044477E-08	1.0E+10	0.137054267665495	1E-30	3.7107464421426E-11	2.76742563218932	1E-30	2.67762381365458E-11	0.336480132082173	1.62340820269575E-09	1.40291885877368E-11	0.100550819538421	2.90996875324316E-12	1.20479757918916E-10	13.5838390585666	2.56894500809246E-12	9.02163565525086E-11	100000	1.0E+10	1E-30	1.0E-10	1.0E+10	1E-30	1.0E-10	1.0E+10	1E-30	1.0E-10	1.0E+10	1E-30	1.0E-10	1.0E+10	1E-30	1.0E-10	1.0E+10	1E-30	1.0E-10
73	2.14690959302802E-09	1.0E+10	1.0E+10	1E-30	0.000000000196	1.0E+10	1E-30	1.0E+10	0.165407204063842	1.19432883137277E-07	1.0E+10	13.3258897308006	1.22513579696023E-07	1.0E+10	1.12122442442431	7.3959121556523E-08	1.0E+10	0.215193122555223	2.16595967119947E-08	1.0E+10	9.18501306881202E-02	1E-30	3.52237802009369E-11	0.331976307332775	1.84713771903946E-09	2.43791443974136E-11	0.137860813691495	3.04650964525242E-12	1.03780854580589E-10	15.3531482338763	1.0E+10	1E-30	1.0E-10	1.0E+10	1E-30	1.0E-10	1.0E+10	1E-30	1.0E-10	1.0E+10	1E-30	1.0E-10	1.0E+10	1E-30	1.0E-10	1.0E+10	1E-30	1.0E-10	1.0E+10	1E-30	1.0E-10	1.0E+10	1E-30	1.0E-10
74	2.14690959302802E-09	1.0E+10	1.0E+10	1E-30	0.000000000196	1.0E+10	1E-30	1.0E+10	0.165407204063842	1.19432883137277E-07	1.0E+10	13.3258897308006	1.22513579696023E-07	1.0E+10	1.12122442442431	7.3959121556523E-08	1.0E+10	0.215193122555223	2.16595967119947E-08	1.0E+10	9.18501306881202E-02	1E-30	3.52237802009369E-11	0.331976307332775	1.84713771903946E-09	2.43791443974136E-11	0.137860813691495	3.04650964525242E-12	1.03780854580589E-10	15.3531482338763	1.0E+10	1E-30	1.0E-10	1.0E+10	1E-30	1.0E-10	1.0E+10	1E-30	1.0E-10	1.0E+10	1E-30	1.0E-10	1.0E+10	1E-30	1.0E-10	1.0E+10	1E-30	1.0E-10	1.0E+10	1E-30	1.0E-10	1.0E+10	1E-30	1.0E-10
75	2.14690959302802E-09	1.0E+10	1.0E+10	1E-30	0.000000000196	1.0E+10	1E-30	1.0E+10	0.165407204063842	1.19432883137277E-07	1.0E+10	13.3258897308006	1.22513579696023E-07	1.0E+10	1.12122442442431	7.3959121556523E-08	1.0E+10	0.215193122555223	2.16595967119947E-08	1.0E+10	9.18501306881202E-02	1E-30	3.52237802009369E-11	0.331976307332775	1.84713771903946E-09	2.43791443974136E-11	0.137860813691495	3.04650964525242E-12	1.03780854580589E-10	15.3531482338763	1.0E+10	1E-30	1.0E-10	1.0E+10	1E-30	1.0E-10	1.0E+10	1E-30	1.0E-10	1.0E+10	1E-30	1.0E-10	1.0E+10	1E-30	1.0E-10	1.0E+10	1E-30	1.0E-10	1.0E+10	1E-30	1.0E-10	1.0E+10	1E-30	1.0E-10
76	2.1520471523414E-09	1.0E+10	1.0E+10	1E-30	0.00000000018	1.0E+10	1E-30	1.0E+10	0.150127913172203	1.64426878227283E-07	1.0E+10	9.67937510021322	1.51955559200016E-07	1.0E+10	1.49625459979202	8.03437628897773E-08	1.0E+10	0.396184936745465	2.54826235746626E-08	1.0E+10	0.104093771078673	1E-30	3.81887283633366E-11	0.359920285428583	1.83727299043914E-09	2.45100414629233E-11	0.138601019158382	3.05160419486201E-12	1.1063386814419E-10	15.3343079563186	1.0E+10	1E-30	1.0E-10	1.0E+10	1E-30	1.0E-10	1.0E+10	1E-30	1.0E-10	1.0E+10	1E-30	1.0E-10	1.0E+10	1E-30	1.0E-10	1.0E+10	1E-30	1.0E-10	1.0E+10	1E-30	1.0E-10	1.0E+10	1E-30	1.0E-10
77	2.1520471523414E-09	1.0E+10	1.0E+10	1E-30	0.00000000018	1.0E+10	1E-30	1.0E+10	0.150127913172203	1.64426878227283E-07	1.0E+10	9.67937510021322	1.51955559200016E-07	1.0E+10	1.49625459979202	8.03437628897773E-08	1.0E+10	0.396184936745465	2.54826235746626E-08	1.0E+10	0.104093771078673	1E-30	3.81887283633366E-11	0.359920285428583	1.83727299043914E-09	2.45100414629233E-11	0.138601019158382	3.05160419486201E-12	1.1063386814419E-10	15.3343079563186	1.0E+10	1E-30	1.0E-10	1.0E+10	1E-30	1.0E-10	1.0E+10	1E-30	1.0E-10	1.0E+10	1E-30	1.0E-10	1.0E+10	1E-30	1.0E-10	1.0E+10	1E-30	1.0E-10	1.0E+10	1E-30	1.0E-10	1.0E+10	1E-30	1.0E-10
78	3.24590269072618E-09	1.0E+10	1.0E+10	1E-30	0.000000000147	1.0E+10	1E-30	1.0E+10	0.13	8.68631292510753E-08	1.0E+10	30.537495111392	1.73759795400509E-07	1.0E+10	1.14493504326655	1.26404105666383E-07	1.0E+10	0.192735143426271	9.5603461627112E-08	1.0E+10	3.20142380876769E-02	1E-30	3.82753182975584E-11	0.338190352811495	3.09198363242289E-09	2.43526983810691E-11	0.101874458486664	3.29708153605898E-12	0.000000000103	14.5333431251007	6.17283402965765E-12	0.000000000047	100000	1.0E+10	1E-30	1.0E-10	1.0E+10	1E-30	1.0E-10	1.0E+10	1E-30	1.0E-10	1.0E+10	1E-30	1.0E-10	1.0E+10	1E-30	1.0E-10	1.0E+10	1E-30	1.0E-10	1.0E+10	1E-30	1.0E-10
79	3.24590269072618E-09	1.0E+10	1.0E+10	1E-30	0.000000000147	1.0E+10	1E-30	1.0E+10	0.13	8.68631292510753E-08	1.0E+10	30.537495111392	1.73759795400509E-07	1.0E+10	1.14493504326655	1.26404105666383E-07	1.0E+10	0.192735143426271	9.5603461627112E-08	1.0E+10	3.20142380876769E-02	1E-30	3.82753182975584E-11	0.338190352811495	3.09198363242289E-09	2.43526983810691E-11	0.101874458486664	3.29708153605898E-12	0.000000000103	14.5333431251007	6.17283402965765E-12	0.000000000047	100000	1.0E+10	1E-30	1.0E-10	1.0E+10	1E-30	1.0E-10	1.0E+10	1E-30	1.0E-10	1.0E+10	1E-30	1.0E-10	1.0E+10	1E-30	1.0E-10	1.0E+10	1E-30	1.0E-10	1.0E+10	1E-30	1.0E-10
80	3.24590269072618E-09	1.0E+10	1.0E+10	1E-30	0.000000000147	1.0E+10	1E-30	1.0E+10	0.13	8.68631292510753E-08	1.0E+10	30.537495111392	1.73759795400509E-07	1.0E+10	1.14493504326655	1.26404105666383E-07	1.0E+10	0.192735143426271	9.5603461627112E-08	1.0E+10	3.20142380876769E-02	1E-30	3.82753182975584E-11	0.338190352811495	3.09198363242289E-09	2.43526983810691E-11	0.101874458486664	3.29708153605898E-12	0.000000000103	14.5333431251007	6.17283402965765E-12	0.000000000047	100000	1.0E+10	1E-30	1.0E-10	1.0E+10	1E-30	1.0E-10	1.0E+10	1E-30	1.0E-10	1.0E+10	1E-30	1.0E-10	1.0E+10	1E-30	1.0E-10	1.0E+10	1E-30	1.0E-10	1.0E+10	1E-30	1.0E-10
81	4.61117424415399E-09	1.0E+10	1.0E+10	1E-30	0.000000000155	1.0E+10	1E-30	1.0E+10	0.102284830369065	3.05523850616829E-07	1.0E+10	3.47283183229009	2.34798254075279E-07	1.0E+10	0.451891330335783	1.52709372356181E-07	1.0E+10	6.94805392475324E-02	1.53804414368184E-07	1.0E+10	2.06957574976883E-02	1E-30	4.75596332466154E-11	0.18676624301874	6.41065461269414E-09	1.95124973340833E-11	5.60149564280349E-02	2.25679193336645E-12	0.000000000132	17.8987071578581	1.0E+10	1E-30	1.0E-10	1.0E+10	1E-30	1.0E-10	1.0E+10	1E-30	1.0E-10	1.0E+10	1E-30	1.0E-10	1.0E+10	1E-30	1.0E-10	1.0E+10	1E-30	1.0E-10	1.0E+10	1E-30	1.0E-10	1.0E+10	1E-30	1.0E-10
82	4.61117424415399E-09	1.0E+10	1.0E+10	1E-30	0.000000000155	1.0E+10	1E-30	1.0E+10	0.102284830369065	3.05523850616829E-07	1.0E+10	3.47283183229009	2.34798254075279E-07	1.0E+10	0.451891330335783	1.52709372356181E-07	1.0E+10	6.94805392475324E-02	1.53804414368184E-07	1.0E+10	2.06957574976883E-02	1E-30	4.75596332466154E-11	0.18676624301874	6.41065461269414E-09	1.95124973340833E-11	5.60149564280349E-02	2.25679193336645E-12	0.000000000132	17.8987071578581	1.0E+10	1E-30	1.0E-10	1.0E+10	1E-30	1.0E-10	1.0E+10	1E-30	1.0E-10	1.0E+10	1E-30	1.0E-10	1.0E+10	1E-30	1.0E-10	1.0E+10	1E-30	1.0E-10	1.0E+10	1E-30	1.0E-10	1.0E+10	1E-30	1.0E-10
83	4.61117424415399E-09	1.0E+10	1.0E+10	1E-30	0.000000000155	1.0E+10	1E-30	1.0E+10	0.102284830369065	3.05523850616829E-07	1.0E+10	3.47283183229009	2.34798254075279E-07	1.0E+10	0.451891330335783	1.52709372356181E-07	1.0E+10	6.94805392475324E-02	1.53804414368184E-07	1.0E+10	2.06957574976883E-02	1E-30	4.75596332466154E-11	0.18676624301874	6.41065461269414E-09	1.95124973340833E-11	5.60149564280349E-02	2.25679193336645E-12	0.000000000132	17.8987071578581	1.0E+10	1E-30	1.0E-10	1.0E+10	1E-30	1.0E-10	1.0E+10	1E-30	1.0E-10	1.0E+10	1E-30	1.0E-10	1.0E+10	1E-30	1.0E-10	1.0E+10	1E-30	1.0E-10	1.0E+10	1E-30	1.0E-10	1.0E+10	1E-30	1.0E-10
84	4.81195118395658E-09	1.0E+10	1.0E+10	1E-30	1.86240893762535E-10	1.0E+10	1E-30	1.0E+10	0.092984715038828	3.29149200730225E-07	1.0E+10	6.90763349607353	2.89208901147824E-07	1.0E+10	0.78615908263757	2.55573590900962E-07	1.0E+10	0.13838583637242	1.01343107054826E-07	1.0E+10	4.61898976065982E-02	1E-30	5.24923000038718E-11	0.284729689140297	6.08609590475912E-09	2.25094332554215E-11	8.26678004070581E-02	3.8204363182876E-12	8.8369023454448E-11	11.3268745754874	1.0E+10	1E-30	1.0E-10	1.0E+10	1E-30	1.0E-10	1.0E+10	1E-30	1.0E-10	1.0E+10	1E-30	1.0E-10	1.0E+10	1E-30	1.0E-10	1.0E+10	1E-30	1.0E-10	1.0E+10	1E-30	1.0E-10	1.0E+10	1E-30	1.0E-10
85	4.81195118395658E-09	1.0E+10	1.0E+10	1E-30	1.86240893762535E-10	1.0E+10	1E-30	1.0E+10	0.092984715038828	3.29149200730225E-07	1.0E+10	6.90763349607353	2.89208901147824E-07	1.0E+10	0.78615908263757	2.55573590900962E-07	1.0E+10	0.13838583637242	1.01343107054826E-07	1.0E+10	4.61898976065982E-02	1E-30	5.24923000038718E-11	0.284729689140297	6.08609590475912E-09	2.25094332554215E-11	8.26678004070581E-02	3.8204363182876E-12	8.8369023454448E-11	11.3268745754874	1.0E+10	1E-30	1.0E-10	1.0E+10	1E-30	1.0E-10	1.0E+10	1E-30	1.0E-10	1.0E+10	1E-30	1.0E-10	1.0E+10	1E-30	1.0E-10	1.0E+10	1E-30	1.0E-10	1.0E+10	1E-30	1.0E-10	1.0E+10	1E-30	1.0E-10
86	6.59976291909913E-09	1.0E+10	1.0E+10	1E-30	0.00000000015	1.0E+10	1E-30	1.0E+10	9.67738250001174E-02	2.12183357292639E-07	1.0E+10	12.5013687157685	3.47417998015144E-07	1.0E+10	0.50900882126997	2.60456929561552E-07	1.0E+10	8.72943579576607E-02	1E-30	3.34752432728132E-11	1.57748367514502	1E-30	3.72235774169411E-11	0.225220314902831	7.62561115285996E-09	2.07608736228017E-11	5.35156578916922E-02	5.55966618448323E-12	6.30599606718892E-11	7.39225823964343	3.81612733108676E-12	6.37226459686037E-11	100000	1.0E+10	1E-30	1.0E-10	1.0E+10	1E-30	1.0E-10	1.0E+10	1E-30	1.0E-10	1.0E+10	1E-30	1.0E-10	1.0E+10	1E-30	1.0E-10	1.0E+10	1E-30	1.0E-10	1.0E+10	1E-30	1.0E-10
87	0.00000000677	1.0E+10	1.0E+10	1E-30	2.99289347245332E-11	1.0E+10	1E-30	1.0E+10	0.07	2.29805867060356E-07	1.0E+10	11.5427095869935	3.54012515811284E-07	1.0E+10	0.628867289909449	2.88184939419079E-07	1.0E+10	7.88952416720015E-02	1E-30	2.50603720376011E-11	1.18094221034332	1E-30	4.90402254818903E-11	0.235690409260488	6.35978649092339E-09	2.48930289825133E-11	0.064167185211948	5.00549327782624E-12	7.0041514688558E-11	11.2166389551566	9.71543334616555E-13	1.6503570583136E-10	100000	1.0E+10	1E-30	1.0E-10	1.0E+10	1E-30	1.0E-10	1.0E+10	1E-30	1.0E-10	1.0E+10	1E-30	1.0E-10	1.0E+10	1E-30	1.0E-10	1.0E+10	1E-30	1.0E-10	1.0E+10	1E-30	1.0E-10
88	9.29746950966458E-09	1.0E+10	1.0E+10	1E-30	1.77092311904079E-10	1.0E+10	1E-30	1.0E+10	7.26273000703297E-02	1.05810015643715E-06	1.0E+10	16.4927605243236	1.91359806104103E-06	1.0E+10	2.67481255516708	9.92857196244898E-07	1.0E+10	1.39615406041113	6.07894058519858E-07	1.0E+10	0.410104177253661	7.94788172499241E-07	1.0E+10	6.59946522435363E-02	3.28418920755295E-07	1.0E+10	3.09935968324826E-02	1E-30	6.49450244800625E-11	0.213646487711261	1.79554914107322E-08	1.53716178876397E-11	4.08815297096996E-02	2.60086773659631E-12	1.20315444975362E-10	17.7288560611541	1.0E+10	1E-30	1.0E-10	1.0E+10	1E-30	1.0E-10	1.0E+10	1E-30	1.0E-10	1.0E+10	1E-30	1.0E-10	1.0E+10	1E-30	1.0E-10	1.0E+10	1E-30	1.0E-10
89	9.29746950966458E-09	1.0E+10	1.0E+10	1E-30	1.77092311904079E-10	1.0E+10	1E-30	1.0E+10	7.26273000703297E-02	1.05810015643715E-06	1.0E+10	16.4927605243236	1.91359806104103E-06	1.0E+10	2.67481255516708	9.92857196244898E-07	1.0E+10	1.39615406041113	6.07894058519858E-07	1.0E+10	0.410104177253661	7.94788172499241E-07	1.0E+10	6.59946522435363E-02	3.28418920755295E-07	1.0E+10	3.09935968324826E-02	1E-30	6.49450244800625E-11	0.213646487711261	1.79554914107322E-08	1.53716178876397E-11	4.08815297096996E-02	2.60086773659631E-12	1.20315444975362E-10	17.7288560611541	1.0E+10	1E-30	1.0E-10	1.0E+10	1E-30	1.0E-10	1.0E+10	1E-30	1.0E-10	1.0E+10	1E-30	1.0E-10	1.0E+10	1E-30	1.0E-10	1.0E+10	1E-30	1.0E-10
90	9.29746950966458E-09	1.0E+10	1.0E+10	1E-30	1.77092311904079E-10	1.0E+10	1E-30	1.0E+10	7.26273000703297E-02	1.05810015643715E-06	1.0E+10	16.4927605243236	1.91359806104103E-06	1.0E+10	2.67481255516708	9.92857196244898E-07	1.0E+10	1.39615406041113	6.07894058519858E-07	1.0E+10	0.410104177253661	7.94788172499241E-07	1.0E+10	6.59946522435363E-02	3.28418920755295E-07	1.0E+10	3.09935968324826E-02	1E-30	6.49450244800625E-11	0.213646487711261	1.79554914107322E-08	1.53716178876397E-11	4.08815297096996E-02	2.60086773659631E-12	1.20315444975362E-10	17.7288560611541	1.0E+10	1E-30	1.0E-10	1.0E+10	1E-30	1.0E-10	1.0E+10	1E-30	1.0E-10	1.0E+10	1E-30	1.0E-10	1.0E+10	1E-30	1.0E-10	1.0E+10	1E-30	1.0E-10
91	9.74132071347337E-09	1.0E+10	1.0E+10	1E-30	0.000000000175	1.0E+10	1E-30	1.0E+10	4.93253524879162E-02	1.58788761408742E-06	1.0E+10	6.62431865638471	1.55123971851822E-06	1.0E+10	2.46116774961257	1.11167352533218E-06	1.0E+10	0.924363670964881	6.61241521673818E-07	1.0E+10	0.300066495102617	5.63748314495794E-07	1.0E+10	4.42218426763093E-02	1E-30	5.45070861581519E-11	0.180589637321085	2.31256445944381E-08	1.37031019244312E-11	4.28114938706755E-02	4.55271511855844E-12	0.000000000064	8.35101947863466	0.000000000013	0.000000000022	100000	1.0E+10	1E-30	1.0E-10	1.0E+10	1E-30	1.0E-10	1.0E+10	1E-30	1.0E-10	1.0E+10	1E-30	1.0E-10	1.0E+10	1E-30	1.0E-10	1.0E+10	1E-30	1.0E-10
92	1.47298907061381E-08	1.0E+10	1.0E+10	1E-30	2.1380934236914E-10	1.0E+10	1E-30	1.0E+10	0.06212643895972	1.13392836857069E-06	1.0E+10	18.0815023039172	5.18473382821704E-06	1.0E+10	12.509343294592	8.17737265422005E-07	1.0E+10	5.0960597464979	1.03504346947053E-06	1.0E+10	0.532725544065712	7.67958799707197E-07	1.0E+10	0.126646686785721	1E-30	4.28104119293883E-11	0.16474881442373	1E-30	8.57069950811346E-15	2.92623599451014E-02	1.34147273957131E-08	3.18808690374732E-11	5.38819987684398E-02	2.64598148990665E-12	1.13411164069674E-10	10.0083537227778	2.46229174674767E-11	8.58421491506271E-12	100000	1.0E+10	1E-30	1.0E-10	1.0E+10	1E-30	1.0E-10	1.0E+10	1E-30	1.0E-10	1.0E+10	1E-30	1.0E-10	1.0E+10	1E-30	1.0E-10
93	1.44154592102958E-08	1.0E+10	1.0E+10	1E-30	1.85916402431288E-10	1.0E+10	1E-30	1.0E+10	4.55336934424537E-02	2.73279955690194E-06	1.0E+10	4.70169666339995	9.82294203767816E-07	1.0E+10	3.32854633230696	1.0704478767478E-05	1.0E+10	1.48680703235579	1.30133004414922E-06	1.0E+10	0.706795373526039	8.59327290716207E-07	1.0E+10	0.187383696926564	9.30054778429664E-07	1.0E+10	2.59758842244739E-02	1E-30	6.20979849293524E-11	0.176566452802822	3.74863011203209E-07	2.98374133127581E-12	1.00219232617106E-02	1.8387359227136E-08	2.73122399698693E-11	4.63512106351316E-02	5.43447357037721E-12	5.82012024943067E-11	6.41261604223148	5.00316986116518E-12	4.12852428704923E-11	100000	1.0E+10	1E-30	1.0E-10	1.0E+10	1E-30	1.0E-10	1.0E+10	1E-30	1.0E-10	1.0E+10	1E-30	1.0E-10
94	1.44154592102958E-08	1.0E+10	1.0E+10	1E-30	1.85916402431288E-10	1.0E+10	1E-30	1.0E+10	4.55336934424537E-02	2.73279955690194E-06	1.0E+10	4.70169666339995	9.82294203767816E-07	1.0E+10	3.32854633230696	1.0704478767478E-05	1.0E+10	1.48680703235579	1.30133004414922E-06	1.0E+10	0.706795373526039	8.59327290716207E-07	1.0E+10	0.187383696926564	9.30054778429664E-07	1.0E+10	2.59758842244739E-02	1E-30	6.20979849293524E-11	0.176566452802822	3.74863011203209E-07	2.98374133127581E-12	1.00219232617106E-02	1.8387359227136E-08	2.73122399698693E-11	4.63512106351316E-02	5.43447357037721E-12	5.82012024943067E-11	6.41261604223148	5.00316986116518E-12	4.12852428704923E-11	100000	1.0E+10	1E-30	1.0E-10	1.0E+10	1E-30	1.0E-10	1.0E+10	1E-30	1.0E-10	1.0E+10	1E-30	1.0E-10
95	2.1461361898679E-08	1.0E+10	1.0E+10	1E-30	2.05139042664529E-10	1.0E+10	1E-30	1.0E+10	4.33884150692067E-02	1.831822280609E-06	1.0E+10	5.21998420557863	1.79400884086594E-06	1.0E+10	0.887146927409087	1.87997010272818E-05	1.0E+10	0.82731174321761	1.32513122152537E-06	1.0E+10	0.18477699010145	1.0197595860414E-06	1.0E+10	2.94787105463261E-02	1E-30	7.04836062547547E-11	0.152246552871407	3.35597107789841E-08	2.66464609148714E-11	3.16490929713108E-02	3.92939974271329E-12	8.73311167875993E-11	12.2431396785594	1.0E+10	1E-30	1.0E-10	1.0E+10	1E-30	1.0E-10	1.0E+10	1E-30	1.0E-10	1.0E+10	1E-30	1.0E-10	1.0E+10	1E-30	1.0E-10	1.0E+10	1E-30	1.0E-10	1.0E+10	1E-30	1.0E-10
96	2.1461361898679E-08	1.0E+10	1.0E+10	1E-30	2.05139042664529E-10	1.0E+10	1E-30	1.0E+10	4.33884150692067E-02	1.831822280609E-06	1.0E+10	5.21998420557863	1.79400884086594E-06	1.0E+10	0.887146927409087	1.87997010272818E-05	1.0E+10	0.82731174321761	1.32513122152537E-06	1.0E+10	0.18477699010145	1.0197595860414E-06	1.0E+10	2.94787105463261E-02	1E-30	7.04836062547547E-11	0.152246552871407	3.35597107789841E-08	2.66464609148714E-11	3.16490929713108E-02	3.92939974271329E-12	8.73311167875993E-11	12.2431396785594	1.0E+10	1E-30	1.0E-10	1.0E+10	1E-30	1.0E-10	1.0E+10	1E-30	1.0E-10	1.0E+10	1E-30	1.0E-10	1.0E+10	1E-30	1.0E-10	1.0E+10	1E-30	1.0E-10	1.0E+10	1E-30	1.0E-10
97	2.11561550308838E-08	1.0E+10	1.0E+10	1E-30	1.80005235418138E-10	1.0E+10	1E-30	1.0E+10	5.15310932130672E-02	1.63580931257629E-06	1.0E+10	5.53551303653479	2.09833885007804E-06	1.0E+10	0.954870574233469	1.36186209833152E-06	1.0E+10	0.26459946292015	1.25260580769803E-06	1.0E+10	4.12909105702394E-02	2.131386711385E-06	1.0E+10	8.77319692838373E-03	1E-30	6.50084131093979E-11	0.167175506573529	2.71565811655379E-07	5.61261337122521E-12	8.33670163288402E-03	3.02013967105277E-08	2.19560011021809E-11	3.18225065341737E-02	2.57221711999896E-12	1.18265655939025E-10	16.4407044501614	1.0E+10	1E-30	1.0E-10	1.0E+10	1E-30	1.0E-10	1.0E+10	1E-30	1.0E-10	1.0E+10	1E-30	1.0E-10	1.0E+10	1E-30	1.0E-10	1.0E+10	1E-30	1.0E-10
98	2.04026180646265E-08	1.0E+10	1.0E+10	1E-30	1.49880178351597E-10	1.0E+10	1E-30	1.0E+10	3.37344383698033E-02	2.16748783369352E-06	1.0E+10	7.34282982436337	5.9042934738256E-06	1.0E+10	1.46508716337818	2.80042711512169E-06	1.0E+10	0.924407506037114	2.04406628706241E-06	1.0E+10	0.534270617900282	1.50313829365807E-06	1.0E+10	0.136057395527528	1.58923379818935E-06	1.0E+10	2.47918183971035E-02	1E-30	2.09272101557616E-11	0.678428889765793	1E-30	7.35999984745372E-11	0.170196174894374	1.12939188323445E-07	1.45927471010506E-11	2.25196831033008E-02	3.35975288905314E-08	2.22955711049452E-11	4.60005080549395E-02	9.12870303588698E-12	3.12700639356541E-11	4.98335519006203	8.68997239519689E-12	3.13344224777501E-11	100000	1.0E+10	1E-30	1.0E-10	1.0E+10	1E-30	1.0E-10	1.0E+10	1E-30	1.0E-10
99	2.0791923811319E-08	1.0E+10	1.0E+10	1E-30	1.89147477614492E-10	1.0E+10	1E-30	1.0E+10	3.44757148037483E-02	1.42006075547505E-06	1.0E+10	1.37883788036153	1.44873096897144E-06	1.0E+10	0.189460714220255	1.29060422532284E-06	1.0E+10	2.83821302393912E-02	1E-30	6.39794894585472E-11	0.134956776689805	1E-30	1.2075958953095E-11	0.133607688201851	2.16044831917294E-07	8.05012472277557E-12	1.73466213190077E-02	3.45229532628953E-08	2.32170919223876E-11	4.39089244302069E-02	6.61192559167823E-12	4.28223465415021E-11	7.5553308117682	1.0E+10	1E-30	1.0E-10	1.0E+10	1E-30	1.0E-10	1.0E+10	1E-30	1.0E-10	1.0E+10	1E-30	1.0E-10	1.0E+10	1E-30	1.0E-10	1.0E+10	1E-30	1.0E-10	1.0E+10	1E-30	1.0E-10
100	3.25799703483507E-08	1.0E+10	1.0E+10	1E-30	1.53025369682782E-10	1.0E+10	1E-30	1.0E+10	2.93063341184626E-02	7.85256190523056E-06	1.0E+10	2.02679004651823	3.99994133989524E-06	1.0E+10	1.27881806557003	3.85707031093912E-06	1.0E+10	0.301997809787324	1.05687944946684E-05	1.0E+10	0.222233109416727	2.85370996321727E-06	1.0E+10	0.159428847332345	1.98239652582924E-06	1.0E+10	3.36743841774879E-02	1E-30	1.27257562483913E-11	0.310420755584511	1E-30	6.34858514949633E-11	0.129107172485185	1.72129469037737E-07	1.26208745844618E-11	1.57017916376711E-02	3.56598730879981E-08	2.86119578688701E-11	3.62155746436458E-02	4.82815928072419E-12	5.91229723347009E-11	7.4842680441614	3.76598882927598E-12	6.59418404236842E-11	100000	1.0E+10	1E-30	1.0E-10	1.0E+10	1E-30	1.0E-10	1.0E+10	1E-30	1.0E-10
101	4.51145114459432E-08	1.0E+10	1.0E+10	1E-30	0.00000000019	1.0E+10	1E-30	1.0E+10	2.19740249471747E-02	3.84040857894743E-06	1.0E+10	2.46655377240105	3.67531183548017E-06	1.0E+10	0.485876549354499	4.07126661408258E-05	1.0E+10	0.390922428271771	3.41365458370396E-06	1.0E+10	8.38498939052994E-02	3.79622849735328E-06	1.0E+10	1.31636946491411E-02	1E-30	1.47839627121866E-11	0.126738762848524	1E-30	7.68576443840011E-11	9.70692372407776E-02	7.5596438686479E-07	5.68778074513752E-12	1.11564672051414E-02	6.89602687263341E-08	2.89905161587315E-11	3.28883947934061E-02	7.5397257375873E-12	4.01238513411908E-11	6.04019296343958	0.000000000022	0.000000000012	100000	1.0E+10	1E-30	1.0E-10	1.0E+10	1E-30	1.0E-10	1.0E+10	1E-30	1.0E-10	1.0E+10	1E-30	1.0E-10
102	4.51145114459432E-08	1.0E+10	1.0E+10	1E-30	0.00000000019	1.0E+10	1E-30	1.0E+10	2.19740249471747E-02	3.84040857894743E-06	1.0E+10	2.46655377240105	3.67531183548017E-06	1.0E+10	0.485876549354499	4.07126661408258E-05	1.0E+10	0.390922428271771	3.41365458370396E-06	1.0E+10	8.38498939052994E-02	3.79622849735328E-06	1.0E+10	1.31636946491411E-02	1E-30	1.47839627121866E-11	0.126738762848524	1E-30	7.68576443840011E-11	9.70692372407776E-02	7.5596438686479E-07	5.68778074513752E-12	1.11564672051414E-02	6.89602687263341E-08	2.89905161587315E-11	3.28883947934061E-02	7.5397257375873E-12	4.01238513411908E-11	6.04019296343958	0.000000000022	0.000000000012	100000	1.0E+10	1E-30	1.0E-10	1.0E+10	1E-30	1.0E-10	1.0E+10	1E-30	1.0E-10	1.0E+10	1E-30	1.0E-10
103	4.51145114459432E-08	1.0E+10	1.0E+10	1E-30	0.00000000019	1.0E+10	1E-30	1.0E+10	2.19740249471747E-02	3.84040857894743E-06	1.0E+10	2.46655377240105	3.67531183548017E-06	1.0E+10	0.485876549354499	4.07126661408258E-05	1.0E+10	0.390922428271771	3.41365458370396E-06	1.0E+10	8.38498939052994E-02	3.79622849735328E-06	1.0E+10	1.31636946491411E-02	1E-30	1.47839627121866E-11	0.126738762848524	1E-30	7.68576443840011E-11	9.70692372407776E-02	7.5596438686479E-07	5.68778074513752E-12	1.11564672051414E-02	6.89602687263341E-08	2.89905161587315E-11	3.28883947934061E-02	7.5397257375873E-12	4.01238513411908E-11	6.04019296343958	0.000000000022	0.000000000012	100000	1.0E+10	1E-30	1.0E-10	1.0E+10	1E-30	1.0E-10	1.0E+10	1E-30	1.0E-10	1.0E+10	1E-30	1.0E-10
104	4.66690200158739E-08	1.0E+10	1.0E+10	1E-30	0.00000000016	1.0E+10	1E-30	1.0E+10	2.28892045138546E-02	3.78284185483459E-06	1.0E+10	3.62303365743268	5.53028818432292E-06	1.0E+10	0.739728529319512	4.97145006742497E-06	1.0E+10	0.260217829383651	3.31883295480547E-06	1.0E+10	7.17359241914207E-02	3.75902768004759E-06	1.0E+10	9.85495444210113E-03	1E-30	7.11181310568896E-11	9.19125642357803E-02	1E-30	1.23424841378207E-11	7.49067893411665E-02	8.47046007063672E-07	5.076181987475E-12	7.90899006809585E-03	5.5989209099173E-08	3.57067695183926E-11	3.21763879500999E-02	5.57562872983681E-12	5.52997236214248E-11	7.60085950443012	0.000000000012	0.000000000024	100000	1.0E+10	1E-30	1.0E-10	1.0E+10	1E-30	1.0E-10	1.0E+10	1E-30	1.0E-10	1.0E+10	1E-30	1.0E-10
105	9.99896220513843E-08	1.0E+10	5000000000	1E-30	2.00675973516497E-10	1.0E+10	1E-30	1.0E+10	1.42201348423039E-02	5.65072050700224E-06	1.0E+10	3.40053532412874	1.30039609888575E-05	1.0E+10	0.458719593319145	8.04511118747349E-06	1.0E+10	0.227137102312039	7.31363980916345E-06	1.0E+10	3.93184670113908E-02	8.17102491391661E-06	1.0E+10	6.62815027930776E-03	1E-30	2.12936780951704E-11	0.149354775584985	1E-30	9.47643633186298E-11	6.49551332997647E-02	2.58381578460088E-06	4.02674092607884E-12	5.2872475653378E-03	1.53802455427567E-07	3.36109597902472E-11	0.02155835530625	1.01038743081767E-11	3.08417998880433E-11	3.95320877563195	1.0E+10	1E-30	1.0E-10	1.0E+10	1E-30	1.0E-10	1.0E+10	1E-30	1.0E-10	1.0E+10	1E-30	1.0E-10	1.0E+10	1E-30	1.0E-10
END DSCRDATA
