BEGIN DSCRDATA
% INDEX	K01	L01	M01	K02	L02	M02	K03	L03	M03	K04	L04	M04	K05	L05	M05	K06	L06	M06	K07	L07	M07	K08	L08	M08	K09	L09	M09	K10	L10	M10	K11	L11	M11	K12	L12	M12	K13	L13	M13	K14	L14	M14	K15	L15	M15	K16	L16	M16	K17	L17	M17	K18	L18	M18
0	0.000000000098	1.0E+10	100000000000	1E-30	0.000000000015	1.0E+10	1E-30	1.0E+10	0.001	3.78719174368631E-09	1.0E+10	0.168098109484132	1E-30	5.02536788054615E-11	0.170020941085799	1E-30	1.01757314847433E-10	13.8528014201944	6.91240390357076E-13	3.05372490091079E-10	1.0E+10	1.68095895115904E-11	1.8603648969785E-11	4.45557839210225	7.06169987158249E-11	2.48406991089439E-11	1.71716316506698	3.97519675012562E-10	1.41778348356059E-11	0.784057871379017	1.0E+10	1E-30	1.0E-10	1.0E+10	1E-30	1.0E-10	1.0E+10	1E-30	1.0E-10	1.0E+10	1E-30	1.0E-10	1.0E+10	1E-30	1.0E-10	1.0E+10	1E-30	1.0E-10	1.0E+10	1E-30	1.0E-10	1.0E+10	1E-30	1.0E-10
1	0.00000000015	1.0E+10	100000000000	1E-30	0.00000000001	1.0E+10	1E-30	1.0E+10	0.006	5.4982917112141E-09	1.0E+10	0.115785012110063	1E-30	4.16108235333335E-11	0.14077996963923	1E-30	1.44686577248513E-10	19.6970058201358	8.00742163073375E-13	2.63612694559119E-10	1.0E+10	3.32860145108962E-11	9.39492778558511E-12	2.2500874589066	1.18715402752265E-10	2.37077688164148E-11	1.55610318295688	6.25242585024294E-10	1.40182522487941E-11	0.809335629454975	1.0E+10	1E-30	1.0E-10	1.0E+10	1E-30	1.0E-10	1.0E+10	1E-30	1.0E-10	1.0E+10	1E-30	1.0E-10	1.0E+10	1E-30	1.0E-10	1.0E+10	1E-30	1.0E-10	1.0E+10	1E-30	1.0E-10	1.0E+10	1E-30	1.0E-10
2	0.000000000225	1.0E+10	100000000000	1E-30	0.00000000001	1.0E+10	1E-30	1.0E+10	0.035	1.82462640927849E-08	1.0E+10	8.72260437986479E-02	1E-30	2.68231661185897E-11	6.55413590410288E-02	1E-30	8.29535898562148E-11	3.95253022529798	6.31996911338646E-13	3.13123265717042E-10	1.0E+10	1.19246600905335E-10	2.62246219368603E-12	0.628080324632548	2.12589554121545E-10	2.25238522686202E-11	1.41124626656163	7.89132617025575E-10	1.84222387552025E-11	0.800330921400983	1.0E+10	1E-30	1.0E-10	1.0E+10	1E-30	1.0E-10	1.0E+10	1E-30	1.0E-10	1.0E+10	1E-30	1.0E-10	1.0E+10	1E-30	1.0E-10	1.0E+10	1E-30	1.0E-10	1.0E+10	1E-30	1.0E-10	1.0E+10	1E-30	1.0E-10
3	0.00000000033	1.0E+10	100000000000	1E-30	0.00000000002	1.0E+10	1E-30	1.0E+10	0.018	1.55246165805937E-08	1.0E+10	0.113908659025252	1E-30	5.11635945205901E-11	8.38344233963086E-02	1E-30	6.55742449107383E-11	4.26997500594458	5.79754117853214E-13	4.16109012433468E-10	1.0E+10	1.6248849657731E-10	1.92456517960962E-12	0.460933822304867	1.71829943598945E-10	1.88029223717653E-11	0.618929507837782	1.20099963493487E-09	1.07607196427199E-11	0.239053390397337	1.0E+10	1E-30	1.0E-10	1.0E+10	1E-30	1.0E-10	1.0E+10	1E-30	1.0E-10	1.0E+10	1E-30	1.0E-10	1.0E+10	1E-30	1.0E-10	1.0E+10	1E-30	1.0E-10	1.0E+10	1E-30	1.0E-10	1.0E+10	1E-30	1.0E-10
4	0.000000000465	1.0E+10	100000000000	1E-30	0.000000000015	1.0E+10	1E-30	1.0E+10	3.50102256553078E-02	4.45103867928267E-08	1.0E+10	3.97297885728912E-02	1E-30	3.31793651007982E-11	6.38866110766899E-02	1E-30	6.26574336290444E-11	2.72158410225266	5.65706367160403E-13	3.76272288694878E-10	1.0E+10	3.04843631772504E-11	1.02583642893082E-11	1.58208227455771	3.07032407119768E-10	2.28532959570253E-11	0.606275194261856	1.73125998719354E-09	1.40629887069943E-11	0.262832132791405	1.0E+10	1E-30	1.0E-10	1.0E+10	1E-30	1.0E-10	1.0E+10	1E-30	1.0E-10	1.0E+10	1E-30	1.0E-10	1.0E+10	1E-30	1.0E-10	1.0E+10	1E-30	1.0E-10	1.0E+10	1E-30	1.0E-10	1.0E+10	1E-30	1.0E-10
5	6.980543469821E-10	1.0E+10	100000000000	1E-30	6.4664212741309E-11	1.0E+10	1E-30	1.0E+10	4.52723030180846E-02	1E-30	7.09734286632633E-11	1.35319482646867	6.44238954168558E-13	3.07173193301913E-10	1.0E+10	5.48460406827484E-10	2.75892267236229E-11	0.617414738198062	3.00729531514611E-09	1.51057196563393E-11	0.378021079725499	1.0E+10	1E-30	1.0E-10	1.0E+10	1E-30	1.0E-10	1.0E+10	1E-30	1.0E-10	1.0E+10	1E-30	1.0E-10	1.0E+10	1E-30	1.0E-10	1.0E+10	1E-30	1.0E-10	1.0E+10	1E-30	1.0E-10	1.0E+10	1E-30	1.0E-10	1.0E+10	1E-30	1.0E-10	1.0E+10	1E-30	1.0E-10	1.0E+10	1E-30	1.0E-10
6	6.980543469821E-10	1.0E+10	100000000000	1E-30	6.4664212741309E-11	1.0E+10	1E-30	1.0E+10	4.52723030180846E-02	1E-30	7.09734286632633E-11	1.35319482646867	6.44238954168558E-13	3.07173193301913E-10	1.0E+10	5.48460406827484E-10	2.75892267236229E-11	0.617414738198062	3.00729531514611E-09	1.51057196563393E-11	0.378021079725499	1.0E+10	1E-30	1.0E-10	1.0E+10	1E-30	1.0E-10	1.0E+10	1E-30	1.0E-10	1.0E+10	1E-30	1.0E-10	1.0E+10	1E-30	1.0E-10	1.0E+10	1E-30	1.0E-10	1.0E+10	1E-30	1.0E-10	1.0E+10	1E-30	1.0E-10	1.0E+10	1E-30	1.0E-10	1.0E+10	1E-30	1.0E-10	1.0E+10	1E-30	1.0E-10
7	9.81417817066685E-10	1.0E+10	100000000000	1E-30	3.16227766016838E-11	1.0E+10	1E-30	1.0E+10	2.28345333659488E-02	1.24369877839945E-08	8.79737471827524E-11	2.64513894541142E-02	3.71806399529306E-09	1.31845171592189E-11	0.136714665301802	5.4861574412399E-10	2.52697198946887E-11	0.33408946608462	4.72475811455006E-12	5.27673807459267E-11	0.820472931777002	5.35034882640426E-13	4.1880212369536E-10	91201.083935591	1.0E+10	1E-30	1.0E-10	1.0E+10	1E-30	1.0E-10	1.0E+10	1E-30	1.0E-10	1.0E+10	1E-30	1.0E-10	1.0E+10	1E-30	1.0E-10	1.0E+10	1E-30	1.0E-10	1.0E+10	1E-30	1.0E-10	1.0E+10	1E-30	1.0E-10	1.0E+10	1E-30	1.0E-10	1.0E+10	1E-30	1.0E-10
8	9.81417817066685E-10	1.0E+10	100000000000	1E-30	3.16227766016838E-11	1.0E+10	1E-30	1.0E+10	2.28345333659488E-02	1.24369877839945E-08	8.79737471827524E-11	2.64513894541142E-02	3.71806399529306E-09	1.31845171592189E-11	0.136714665301802	5.4861574412399E-10	2.52697198946887E-11	0.33408946608462	4.72475811455006E-12	5.27673807459267E-11	0.820472931777002	5.35034882640426E-13	4.1880212369536E-10	91201.083935591	1.0E+10	1E-30	1.0E-10	1.0E+10	1E-30	1.0E-10	1.0E+10	1E-30	1.0E-10	1.0E+10	1E-30	1.0E-10	1.0E+10	1E-30	1.0E-10	1.0E+10	1E-30	1.0E-10	1.0E+10	1E-30	1.0E-10	1.0E+10	1E-30	1.0E-10	1.0E+10	1E-30	1.0E-10	1.0E+10	1E-30	1.0E-10
9	1.48383772768957E-09	1.0E+10	100000000000	1E-30	1.46585583143372E-10	1.0E+10	1E-30	1.0E+10	1.55112241810793E-02	1E-30	8.9065649065766E-11	2.47686160855027E-02	7.54444635203129E-09	1.26371761347339E-11	0.160926977214614	1.30394302713257E-09	2.38591627886413E-11	0.363008736642679	5.85530602909309E-12	5.80507515322739E-11	0.614027033702776	9.1930185348473E-13	2.79854849573901E-10	100000	1.0E+10	1E-30	1.0E-10	1.0E+10	1E-30	1.0E-10	1.0E+10	1E-30	1.0E-10	1.0E+10	1E-30	1.0E-10	1.0E+10	1E-30	1.0E-10	1.0E+10	1E-30	1.0E-10	1.0E+10	1E-30	1.0E-10	1.0E+10	1E-30	1.0E-10	1.0E+10	1E-30	1.0E-10	1.0E+10	1E-30	1.0E-10
10	1.49239616315555E-09	1.0E+10	100000000000	1E-30	3.98107170553497E-11	1.0E+10	1E-30	1.0E+10	1.37787358362103E-02	1E-30	5.97745102204985E-11	0.517602268165217	1E-30	7.29894578797201E-11	2.44763927537681E-02	9.63641488641757E-09	9.85970931594266E-12	0.138089827984878	1.46085108647515E-09	2.03460014511044E-11	0.334882138905898	1.82264764029077E-12	1.96361424239531E-10	169.5777946208	1.47857637684907E-12	1.92839647217256E-10	100000	1.0E+10	1E-30	1.0E-10	1.0E+10	1E-30	1.0E-10	1.0E+10	1E-30	1.0E-10	1.0E+10	1E-30	1.0E-10	1.0E+10	1E-30	1.0E-10	1.0E+10	1E-30	1.0E-10	1.0E+10	1E-30	1.0E-10	1.0E+10	1E-30	1.0E-10	1.0E+10	1E-30	1.0E-10
11	2.16873400553165E-09	1.0E+10	100000000000	1E-30	1.14815362149688E-10	1.0E+10	1E-30	1.0E+10	1.08144783729502E-02	1E-30	1.03779349246835E-10	1.83067783362689E-02	1.12873144093634E-08	1.95404762004422E-11	0.201001254863371	2.12818922785353E-09	4.10513309333139E-11	0.468112699461597	5.98759400480268E-10	3.52445154011569E-11	0.240464680419513	1.00216914282392E-11	4.1052869286565E-11	0.631380986381003	8.54139157665623E-13	2.94348848043561E-10	199526.231496888	1.0E+10	1E-30	1.0E-10	1.0E+10	1E-30	1.0E-10	1.0E+10	1E-30	1.0E-10	1.0E+10	1E-30	1.0E-10	1.0E+10	1E-30	1.0E-10	1.0E+10	1E-30	1.0E-10	1.0E+10	1E-30	1.0E-10	1.0E+10	1E-30	1.0E-10	1.0E+10	1E-30	1.0E-10
12	2.16873400553165E-09	1.0E+10	100000000000	1E-30	1.14815362149688E-10	1.0E+10	1E-30	1.0E+10	1.08144783729502E-02	1E-30	1.03779349246835E-10	1.83067783362689E-02	1.12873144093634E-08	1.95404762004422E-11	0.201001254863371	2.12818922785353E-09	4.10513309333139E-11	0.468112699461597	5.98759400480268E-10	3.52445154011569E-11	0.240464680419513	1.00216914282392E-11	4.1052869286565E-11	0.631380986381003	8.54139157665623E-13	2.94348848043561E-10	199526.231496888	1.0E+10	1E-30	1.0E-10	1.0E+10	1E-30	1.0E-10	1.0E+10	1E-30	1.0E-10	1.0E+10	1E-30	1.0E-10	1.0E+10	1E-30	1.0E-10	1.0E+10	1E-30	1.0E-10	1.0E+10	1E-30	1.0E-10	1.0E+10	1E-30	1.0E-10	1.0E+10	1E-30	1.0E-10
13	3.25204775603648E-09	1.0E+10	100000000000	1E-30	2.32488983002449E-10	1.0E+10	1E-30	1.0E+10	1.20259597228764E-02	1E-30	7.89089507033608E-11	0.472498351494536	1E-30	6.28781376971346E-11	1.10917647621879E-02	1.43292498282365E-08	2.65336103954678E-11	0.272757547260701	4.19254076233961E-09	3.80401050221909E-11	0.417883163602571	2.39507620174859E-09	2.34462531023858E-11	0.169937767770564	3.84960543449597E-11	1.21851333047364E-11	0.346164603847298	2.17446192992597E-12	1.11712154496031E-10	100000	1.0E+10	1E-30	1.0E-10	1.0E+10	1E-30	1.0E-10	1.0E+10	1E-30	1.0E-10	1.0E+10	1E-30	1.0E-10	1.0E+10	1E-30	1.0E-10	1.0E+10	1E-30	1.0E-10	1.0E+10	1E-30	1.0E-10	1.0E+10	1E-30	1.0E-10
14	3.25204775603648E-09	1.0E+10	100000000000	1E-30	2.32488983002449E-10	1.0E+10	1E-30	1.0E+10	1.20259597228764E-02	1E-30	7.89089507033608E-11	0.472498351494536	1E-30	6.28781376971346E-11	1.10917647621879E-02	1.43292498282365E-08	2.65336103954678E-11	0.272757547260701	4.19254076233961E-09	3.80401050221909E-11	0.417883163602571	2.39507620174859E-09	2.34462531023858E-11	0.169937767770564	3.84960543449597E-11	1.21851333047364E-11	0.346164603847298	2.17446192992597E-12	1.11712154496031E-10	100000	1.0E+10	1E-30	1.0E-10	1.0E+10	1E-30	1.0E-10	1.0E+10	1E-30	1.0E-10	1.0E+10	1E-30	1.0E-10	1.0E+10	1E-30	1.0E-10	1.0E+10	1E-30	1.0E-10	1.0E+10	1E-30	1.0E-10	1.0E+10	1E-30	1.0E-10
15	4.67230980028064E-09	1.0E+10	100000000000	1E-30	1.20226443461741E-10	1.0E+10	1E-30	1.0E+10	1.13437014079048E-02	1E-30	6.55547783476321E-11	0.014398335754084	1.77031769566253E-08	2.32513754010969E-11	0.179063981014569	4.75160352849549E-09	3.16789918133094E-11	0.321301389858539	1.75663736108448E-09	2.46349259714709E-11	0.123878943822736	7.19030612136349E-12	5.24906552996313E-11	0.521022229074154	9.12626187051198E-13	2.21409416076045E-10	100000	1.0E+10	1E-30	1.0E-10	1.0E+10	1E-30	1.0E-10	1.0E+10	1E-30	1.0E-10	1.0E+10	1E-30	1.0E-10	1.0E+10	1E-30	1.0E-10	1.0E+10	1E-30	1.0E-10	1.0E+10	1E-30	1.0E-10	1.0E+10	1E-30	1.0E-10	1.0E+10	1E-30	1.0E-10
16	6.75006680018528E-09	1.0E+10	100000000000	1E-30	6.48054432735685E-11	1.0E+10	1E-30	1.0E+10	7.1481792201656E-03	1E-30	6.6302326786929E-11	0.38867657218099	1E-30	1.0644431498188E-10	1.23350209158823E-02	2.73230431994246E-08	2.80717694176341E-11	0.252890391912277	7.05624864563046E-09	4.09920374975862E-11	0.373363903451657	5.34537778361471E-09	1.6538949725424E-11	0.119952406003942	1.26004856842548E-10	3.72271010541966E-12	0.211014156240042	7.35071099396521E-13	3.41383770603077E-10	100000	1.0E+10	1E-30	1.0E-10	1.0E+10	1E-30	1.0E-10	1.0E+10	1E-30	1.0E-10	1.0E+10	1E-30	1.0E-10	1.0E+10	1E-30	1.0E-10	1.0E+10	1E-30	1.0E-10	1.0E+10	1E-30	1.0E-10	1.0E+10	1E-30	1.0E-10
17	6.77527621633293E-09	1.0E+10	100000000000	1E-30	1.46993257877421E-10	1.0E+10	1E-30	1.0E+10	7.15191922229507E-02	3.26752074186546E-07	1.0E+10	5.81256378607102	4.24227734308525E-07	1.0E+10	0.437888036076514	2.4411913609817E-07	1.0E+10	9.05499814796408E-02	1E-30	8.03328035082758E-11	0.270989533822182	2.68336426072928E-08	2.26664065030917E-11	7.68183756217044E-02	6.19177052229132E-09	3.96659576379336E-11	0.134034166325873	1.08657997744267E-11	8.81649056310451E-11	11.6216550191676	3.23343740597803E-12	1.25230452011725E-10	26.5268029764834	1.0E+10	1E-30	1.0E-10	1.0E+10	1E-30	1.0E-10	1.0E+10	1E-30	1.0E-10	1.0E+10	1E-30	1.0E-10	1.0E+10	1E-30	1.0E-10	1.0E+10	1E-30	1.0E-10	1.0E+10	1E-30	1.0E-10
18	9.69114724010366E-09	1.0E+10	1.0E+10	1E-30	1.60477832960944E-10	1.0E+10	1E-30	1.0E+10	6.00871086456579E-02	3.33654077886288E-07	1.0E+10	15.9001946067564	6.43795240439832E-07	1.0E+10	0.824045354250433	4.73294300258039E-07	1.0E+10	0.141113187687381	3.15811178101844E-07	1.0E+10	0.026623881963158	1E-30	1.04459330028923E-10	0.562574852259044	2.41117275802768E-09	1.04323575787202E-10	0.194139043849598	8.03806577275432E-11	8.08023702841021E-11	1.16471496261293	8.6550508875802E-12	1.05578967776717E-10	9.67825153313103	5.90078345372469E-12	7.77663128789348E-11	8.42869766468433	1.0E+10	1E-30	1.0E-10	1.0E+10	1E-30	1.0E-10	1.0E+10	1E-30	1.0E-10	1.0E+10	1E-30	1.0E-10	1.0E+10	1E-30	1.0E-10	1.0E+10	1E-30	1.0E-10
19	9.84615312678533E-09	1.0E+10	100000000000	1E-30	2.05893549552295E-10	1.0E+10	1E-30	1.0E+10	4.22157223206456E-03	1E-30	1.32357557654019E-10	0.265088467468172	1E-30	1.12381450926097E-10	6.31790054613568E-03	3.99799260063814E-08	3.28475093314078E-11	0.276663342431859	1.58953887898029E-08	3.65733532449408E-11	0.292998057032973	1.40571641335876E-07	1.9724449212028E-12	3.63409013283586E-02	1.81111373187086E-08	9.20309687090393E-12	8.87890180506823E-02	7.84098971435982E-11	5.62249178641674E-12	0.133788643939436	2.35712555889004E-12	1.01861075141698E-10	100000	1.0E+10	1E-30	1.0E-10	1.0E+10	1E-30	1.0E-10	1.0E+10	1E-30	1.0E-10	1.0E+10	1E-30	1.0E-10	1.0E+10	1E-30	1.0E-10	1.0E+10	1E-30	1.0E-10	1.0E+10	1E-30	1.0E-10
20	1.00747291273652E-08	1.0E+10	1.0E+10	1E-30	1.29809075491731E-10	1.0E+10	1E-30	1.0E+10	5.24552607772541E-02	4.5146771436057E-07	1.0E+10	11.7509283631582	9.41729932661759E-07	1.0E+10	0.89283766362445	6.05992927963284E-07	1.0E+10	0.235630400280182	3.79518282166783E-07	1.0E+10	4.42044687255842E-02	1E-30	9.99206864614314E-11	0.220345407890266	4.42518601483192E-08	3.08977654728141E-11	0.116097800877882	1.26343768404892E-08	3.40385571179645E-11	0.107419978054673	1.22893262921278E-11	8.3826191716486E-11	6.68529118193319	2.22988729271464E-12	1.53506097463906E-10	27.4513603672805	1.0E+10	1E-30	1.0E-10	1.0E+10	1E-30	1.0E-10	1.0E+10	1E-30	1.0E-10	1.0E+10	1E-30	1.0E-10	1.0E+10	1E-30	1.0E-10	1.0E+10	1E-30	1.0E-10
21	1.48454443666277E-08	1.0E+10	66666666666.6667	1E-30	2.2303028358722E-10	1.0E+10	1E-30	1.0E+10	3.71029140931474E-03	1E-30	1.15786645009937E-10	0.224927371981595	1E-30	6.61778529461894E-11	3.94273680189754E-03	4.31106645687199E-08	4.49069237945034E-11	0.200948150002856	1.80515598969581E-08	4.62289003838394E-11	0.28507001992423	6.88422718047167E-08	5.61128101583547E-12	5.24825284030232E-02	3.10875820521565E-08	7.68288440083373E-12	0.10892088707435	5.84630927715899E-11	8.02351589116853E-12	0.286957176562193	3.91389105609403E-12	6.66669022675152E-11	100000	1.0E+10	1E-30	1.0E-10	1.0E+10	1E-30	1.0E-10	1.0E+10	1E-30	1.0E-10	1.0E+10	1E-30	1.0E-10	1.0E+10	1E-30	1.0E-10	1.0E+10	1E-30	1.0E-10	1.0E+10	1E-30	1.0E-10
22	2.0701654201997E-08	1.0E+10	1.0E+10	1E-30	1.5777541598373E-10	1.0E+10	1E-30	1.0E+10	3.70604772127336E-02	1.09871154081426E-06	1.0E+10	4.82853285203336	1.38564176422971E-06	1.0E+10	0.382866979524036	1.14150042937961E-06	1.0E+10	5.85090164705229E-02	1.96283445454828E-06	1.0E+10	2.70280805262854E-03	1E-30	1.08338311050742E-10	0.254589609230992	1.20114378003106E-07	1.40589862938415E-11	2.65005648345912E-02	1.58975030110569E-08	3.93419900448903E-11	8.34276421592755E-02	2.1241617602504E-10	3.31245644289643E-11	0.524034693539593	1.26805837790453E-11	4.47519854166218E-11	6.46756608876938	3.75196060287518E-12	8.52426244355809E-11	11.1629316493701	1.0E+10	1E-30	1.0E-10	1.0E+10	1E-30	1.0E-10	1.0E+10	1E-30	1.0E-10	1.0E+10	1E-30	1.0E-10	1.0E+10	1E-30	1.0E-10
23	2.20982250324221E-08	1.0E+10	45454545454.5455	1E-30	1.31984579698387E-11	1.0E+10	1E-30	1.0E+10	3.14089364481576E-03	1E-30	1.58614687169931E-10	0.172548845918909	1E-30	5.80869924986599E-11	3.40969286521911E-03	5.15685020128608E-08	6.99642629367513E-11	0.2704284565451	3.75076353378446E-08	4.09147661653757E-11	0.263568747819719	9.40710423999289E-08	7.62429774636749E-12	6.56519644885273E-02	1.0450440607157E-07	4.65952541646928E-12	0.106899061219302	1.8297626087092E-11	1.02059104868936E-11	0.289937325447498	6.68990688079076E-13	2.76120681019666E-10	100000	1.0E+10	1E-30	1.0E-10	1.0E+10	1E-30	1.0E-10	1.0E+10	1E-30	1.0E-10	1.0E+10	1E-30	1.0E-10	1.0E+10	1E-30	1.0E-10	1.0E+10	1E-30	1.0E-10	1.0E+10	1E-30	1.0E-10
24	2.13252072187724E-08	1.0E+10	1.0E+10	1E-30	8.0306301353305E-11	1.0E+10	1E-30	1.0E+10	3.54032519472449E-02	1.16025000930129E-06	1.0E+10	4.57243243025236	2.02900191303393E-06	1.0E+10	0.329167099324286	1.58523852569434E-06	1.0E+10	8.60209547647399E-02	1.29087147858816E-06	1.0E+10	1.63612270534259E-02	1E-30	9.73510670450993E-11	0.152918698524006	9.72186909680254E-08	2.71405885474604E-11	5.15240948720807E-02	2.72100437677724E-08	3.97827834261776E-11	7.79883312942449E-02	1.30847520693109E-11	1.17325069744877E-10	9.00752989657225	1.8570291746289E-12	2.21540118138994E-10	30.0716006212052	1.0E+10	1E-30	1.0E-10	1.0E+10	1E-30	1.0E-10	1.0E+10	1E-30	1.0E-10	1.0E+10	1E-30	1.0E-10	1.0E+10	1E-30	1.0E-10	1.0E+10	1E-30	1.0E-10
25	4.64290666458013E-08	1.0E+10	1.0E+10	1E-30	1.33412041568591E-10	1.0E+10	1E-30	1.0E+10	0.023519161512874	2.72899823786082E-06	1.0E+10	1.9439971400965	3.62775580792101E-06	1.0E+10	0.1841029853163	3.93510719328529E-06	1.0E+10	2.68993824559714E-02	9.10622481569756E-06	1.0E+10	4.62765004351384E-03	1E-30	3.43664239825986E-11	0.28790748030369	1E-30	1.27951170964651E-10	0.164662597548263	2.67683102679698E-07	2.32818607034116E-11	3.82973900921222E-02	6.45766895270462E-08	4.0859519278714E-11	6.16147034857049E-02	1.15211467499703E-11	1.01200992023829E-10	8.91236008660755	2.33813840160666E-12	1.4739498572782E-10	19.4483101822167	1.0E+10	1E-30	1.0E-10	1.0E+10	1E-30	1.0E-10	1.0E+10	1E-30	1.0E-10	1.0E+10	1E-30	1.0E-10	1.0E+10	1E-30	1.0E-10
26	4.65093246652344E-08	1.0E+10	1.0E+10	1E-30	1.39256525946063E-10	1.0E+10	1E-30	1.0E+10	2.09087889954807E-02	3.1016544425222E-06	1.0E+10	1.71043063243879	4.64347642766335E-06	1.0E+10	0.181073806649222	4.51027478509895E-06	1.0E+10	4.27066863241266E-02	3.20511587504315E-06	1.0E+10	1.31478621390068E-02	1E-30	1.07452357299161E-10	0.12859868049598	1.72700274808157E-07	4.20987390847207E-11	6.14378266117186E-02	4.38021165281579E-08	4.52858242034699E-11	5.28147051183407E-02	1.32744005976179E-11	8.15472811950812E-11	7.18763338422178	2.45263802002764E-12	1.42412795517845E-10	27.0380541605058	1.0E+10	1E-30	1.0E-10	1.0E+10	1E-30	1.0E-10	1.0E+10	1E-30	1.0E-10	1.0E+10	1E-30	1.0E-10	1.0E+10	1E-30	1.0E-10	1.0E+10	1E-30	1.0E-10
27	4.64290666458013E-08	1.0E+10	1.0E+10	1E-30	1.33412041568591E-10	1.0E+10	1E-30	1.0E+10	0.023519161512874	2.72899823786082E-06	1.0E+10	1.9439971400965	3.62775580792101E-06	1.0E+10	0.1841029853163	3.93510719328529E-06	1.0E+10	2.68993824559714E-02	9.10622481569756E-06	1.0E+10	4.62765004351384E-03	1E-30	3.43664239825986E-11	0.28790748030369	1E-30	1.27951170964651E-10	0.164662597548263	2.67683102679698E-07	2.32818607034116E-11	3.82973900921222E-02	6.45766895270462E-08	4.0859519278714E-11	6.16147034857049E-02	1.15211467499703E-11	1.01200992023829E-10	8.91236008660755	2.33813840160666E-12	1.4739498572782E-10	19.4483101822167	1.0E+10	1E-30	1.0E-10	1.0E+10	1E-30	1.0E-10	1.0E+10	1E-30	1.0E-10	1.0E+10	1E-30	1.0E-10	1.0E+10	1E-30	1.0E-10
28	9.80635251929505E-08	1.0E+10	1.0E+10	1E-30	1.07464429249021E-10	1.0E+10	1E-30	1.0E+10	1.50054097290544E-02	7.45985818276628E-06	1.0E+10	0.228716475931255	8.45863926992589E-06	1.0E+10	2.16974049280764E-02	2.72734641190835E-05	1.0E+10	1.56788740790937E-03	1E-30	1.74416131673035E-11	0.106107781627401	1E-30	1.29400694227777E-10	0.101913440589763	4.09978098280083E-07	3.56919834933328E-11	3.68588171662919E-02	1.05624005429377E-07	5.94154143747655E-11	0.049266948275019	9.90512528775116E-12	9.38630446497002E-11	9.28522379067926	2.32661416046203E-12	1.61214124970255E-10	19.9344390235818	1.0E+10	1E-30	1.0E-10	1.0E+10	1E-30	1.0E-10	1.0E+10	1E-30	1.0E-10	1.0E+10	1E-30	1.0E-10	1.0E+10	1E-30	1.0E-10	1.0E+10	1E-30	1.0E-10
29	9.98740573458315E-08	1.0E+10	5000000000	1E-30	1.67653124124959E-10	1.0E+10	1E-30	1.0E+10	1.50200986537734E-02	1.04912284641803E-05	1.0E+10	0.846199297117176	4.06702693690283E-05	1.0E+10	0.267591713332383	8.37428040004496E-06	1.0E+10	0.175111170310359	6.8288457015694E-06	1.0E+10	2.59785458190196E-02	1.67464005932688E-05	1.0E+10	1.56572851630848E-03	1E-30	1.07229397614565E-10	0.08477262767056	1E-30	1.23526680559738E-11	6.15069497406132E-02	4.32772959821179E-07	3.42662683087397E-11	0.03683540632902	9.54565920431761E-08	6.46017743095743E-11	4.77251221954318E-02	8.918133719031E-12	8.70874276450607E-11	9.67508265293758	3.01140519485231E-12	1.23147065632613E-10	20.6377058926513	1.0E+10	1E-30	1.0E-10	1.0E+10	1E-30	1.0E-10	1.0E+10	1E-30	1.0E-10	1.0E+10	1E-30	1.0E-10
30	9.98740573458315E-08	1.0E+10	5000000000	1E-30	1.67653124124959E-10	1.0E+10	1E-30	1.0E+10	1.50200986537734E-02	1.04912284641803E-05	1.0E+10	0.846199297117176	4.06702693690283E-05	1.0E+10	0.267591713332383	8.37428040004496E-06	1.0E+10	0.175111170310359	6.8288457015694E-06	1.0E+10	2.59785458190196E-02	1.67464005932688E-05	1.0E+10	1.56572851630848E-03	1E-30	1.07229397614565E-10	0.08477262767056	1E-30	1.23526680559738E-11	6.15069497406132E-02	4.32772959821179E-07	3.42662683087397E-11	0.03683540632902	9.54565920431761E-08	6.46017743095743E-11	4.77251221954318E-02	8.918133719031E-12	8.70874276450607E-11	9.67508265293758	3.01140519485231E-12	1.23147065632613E-10	20.6377058926513	1.0E+10	1E-30	1.0E-10	1.0E+10	1E-30	1.0E-10	1.0E+10	1E-30	1.0E-10	1.0E+10	1E-30	1.0E-10
31	9.98740573458315E-08	1.0E+10	5000000000	1E-30	1.67653124124959E-10	1.0E+10	1E-30	1.0E+10	1.50200986537734E-02	1.04912284641803E-05	1.0E+10	0.846199297117176	4.06702693690283E-05	1.0E+10	0.267591713332383	8.37428040004496E-06	1.0E+10	0.175111170310359	6.8288457015694E-06	1.0E+10	2.59785458190196E-02	1.67464005932688E-05	1.0E+10	1.56572851630848E-03	1E-30	1.07229397614565E-10	0.08477262767056	1E-30	1.23526680559738E-11	6.15069497406132E-02	4.32772959821179E-07	3.42662683087397E-11	0.03683540632902	9.54565920431761E-08	6.46017743095743E-11	4.77251221954318E-02	8.918133719031E-12	8.70874276450607E-11	9.67508265293758	3.01140519485231E-12	1.23147065632613E-10	20.6377058926513	1.0E+10	1E-30	1.0E-10	1.0E+10	1E-30	1.0E-10	1.0E+10	1E-30	1.0E-10	1.0E+10	1E-30	1.0E-10
32	2.03869679788799E-07	1.0E+10	4545500000	1E-30	1.05337269027112E-10	1.0E+10	1E-30	1.0E+10	1.10446083095754E-02	1.42737521481189E-05	1.0E+10	0.189447932808225	1.59018592482741E-05	1.0E+10	2.05546160756552E-02	1E-30	1.14875971643319E-10	7.04970552852792E-02	1E-30	2.5282415183239E-11	6.77451413509404E-02	1.28099266925582E-06	2.25910203278348E-11	1.33582526325937E-02	2.08747512300759E-07	6.0359154066438E-11	0.034370414719039	1.05178376857185E-11	1.08878496013736E-10	10.1926142453793	2.01297167504377E-12	1.65190990643758E-10	23.0080670828211	1.0E+10	1E-30	1.0E-10	1.0E+10	1E-30	1.0E-10	1.0E+10	1E-30	1.0E-10	1.0E+10	1E-30	1.0E-10	1.0E+10	1E-30	1.0E-10	1.0E+10	1E-30	1.0E-10	1.0E+10	1E-30	1.0E-10
33	2.1153827902016E-07	1.0E+10	2273000000	1E-30	1.55334015362739E-10	1.0E+10	1E-30	1.0E+10	8.98539115587048E-03	3.27672278208964E-05	1.0E+10	0.147733512097635	4.82467284469635E-05	1.0E+10	0.137872935536963	2.08362702832477E-04	1.0E+10	4.26068102957116E-02	2.61653737154819E-05	1.0E+10	3.09406422463802E-02	2.07844833295467E-05	1.0E+10	8.38973153805393E-03	1E-30	1.85256957457088E-11	5.83411557547257E-02	1E-30	1.46733912854012E-10	5.47906320165717E-02	9.10363386417429E-07	3.56670925014926E-11	3.26977921721753E-02	2.5937729079441E-07	5.28292716857651E-11	3.29473566695999E-02	1.68974264261685E-11	5.63219520640287E-11	6.25294898029515	2.60901456010027E-12	1.27633215078013E-10	20.4590429259915	1.0E+10	1E-30	1.0E-10	1.0E+10	1E-30	1.0E-10	1.0E+10	1E-30	1.0E-10	1.0E+10	1E-30	1.0E-10
34	2.1153827902016E-07	1.0E+10	2273000000	1E-30	1.55334015362739E-10	1.0E+10	1E-30	1.0E+10	8.98539115587048E-03	3.27672278208964E-05	1.0E+10	0.147733512097635	4.82467284469635E-05	1.0E+10	0.137872935536963	2.08362702832477E-04	1.0E+10	4.26068102957116E-02	2.61653737154819E-05	1.0E+10	3.09406422463802E-02	2.07844833295467E-05	1.0E+10	8.38973153805393E-03	1E-30	1.85256957457088E-11	5.83411557547257E-02	1E-30	1.46733912854012E-10	5.47906320165717E-02	9.10363386417429E-07	3.56670925014926E-11	3.26977921721753E-02	2.5937729079441E-07	5.28292716857651E-11	3.29473566695999E-02	1.68974264261685E-11	5.63219520640287E-11	6.25294898029515	2.60901456010027E-12	1.27633215078013E-10	20.4590429259915	1.0E+10	1E-30	1.0E-10	1.0E+10	1E-30	1.0E-10	1.0E+10	1E-30	1.0E-10	1.0E+10	1E-30	1.0E-10
35	3.1338316247234E-07	1.0E+10	1515200000	1E-30	1.42745272864382E-10	1.0E+10	1E-30	1.0E+10	8.52973460790792E-03	2.58807255282431E-05	1.0E+10	8.08380330723268E-02	2.40331144227557E-05	1.0E+10	1.38546787836777E-02	1E-30	1.50421576298314E-11	0.113392456728219	1E-30	1.09936383832448E-10	6.15596608013271E-02	1.39259251181544E-06	2.87327625392674E-11	1.47984429882447E-02	2.54766235138168E-07	6.80170789807319E-11	3.04065697661277E-02	1.16098107965037E-11	8.10715473832153E-11	8.97970780249758	4.54121727307916E-12	8.60146500985373E-11	15.6802742491487	1.0E+10	1E-30	1.0E-10	1.0E+10	1E-30	1.0E-10	1.0E+10	1E-30	1.0E-10	1.0E+10	1E-30	1.0E-10	1.0E+10	1E-30	1.0E-10	1.0E+10	1E-30	1.0E-10	1.0E+10	1E-30	1.0E-10
36	4.5177343063891E-07	1.0E+10	1063000000	1E-30	1.09820283682205E-10	1.0E+10	1E-30	1.0E+10	7.8367687104887E-03	3.8865629935227E-05	1.0E+10	0.146262558402007	3.97342487444563E-05	1.0E+10	2.11608871291482E-02	6.48849816317947E-05	1.0E+10	0.002360509779058	1E-30	1.74497723856265E-11	5.26272736641584E-02	1E-30	1.39394407126712E-10	4.47718587417991E-02	2.44785745507622E-06	2.28305474962136E-11	1.08363433473798E-02	4.84593565873307E-07	4.97821123562354E-11	1.93193969860538E-02	1.19421400178089E-11	7.0514799035566E-11	9.8693613772566	2.18789300813702E-12	1.63500689508651E-10	30.3097817740592	1.0E+10	1E-30	1.0E-10	1.0E+10	1E-30	1.0E-10	1.0E+10	1E-30	1.0E-10	1.0E+10	1E-30	1.0E-10	1.0E+10	1E-30	1.0E-10	1.0E+10	1E-30	1.0E-10
37	4.3280049991267E-07	1.0E+10	1063800000	1E-30	1.14726832350307E-10	1.0E+10	1E-30	1.0E+10	6.14787676812502E-03	3.83824057272909E-05	1.0E+10	0.138218662150135	4.10279664390288E-05	1.0E+10	1.29306061942255E-02	1.44885511123613E-04	1.0E+10	0.012107338802582	2.42807195326399E-05	1.0E+10	2.34119357978264E-03	1E-30	1.56244421146765E-10	4.49237339396984E-02	1E-30	9.58542763572952E-12	2.89089686802475E-02	1.5097146252741E-06	4.48615008414239E-11	2.10841095962755E-02	6.88445745090428E-07	4.23034810352389E-11	2.10163709970665E-02	1.18538157956575E-11	8.40028661364737E-11	8.96787306352445	1.68781238645708E-12	2.00103566911689E-10	37.7186337460126	1.0E+10	1E-30	1.0E-10	1.0E+10	1E-30	1.0E-10	1.0E+10	1E-30	1.0E-10	1.0E+10	1E-30	1.0E-10	1.0E+10	1E-30	1.0E-10
38	4.3280049991267E-07	1.0E+10	1063800000	1E-30	1.14726832350307E-10	1.0E+10	1E-30	1.0E+10	6.14787676812502E-03	3.83824057272909E-05	1.0E+10	0.138218662150135	4.10279664390288E-05	1.0E+10	1.29306061942255E-02	1.44885511123613E-04	1.0E+10	0.012107338802582	2.42807195326399E-05	1.0E+10	2.34119357978264E-03	1E-30	1.56244421146765E-10	4.49237339396984E-02	1E-30	9.58542763572952E-12	2.89089686802475E-02	1.5097146252741E-06	4.48615008414239E-11	2.10841095962755E-02	6.88445745090428E-07	4.23034810352389E-11	2.10163709970665E-02	1.18538157956575E-11	8.40028661364737E-11	8.96787306352445	1.68781238645708E-12	2.00103566911689E-10	37.7186337460126	1.0E+10	1E-30	1.0E-10	1.0E+10	1E-30	1.0E-10	1.0E+10	1E-30	1.0E-10	1.0E+10	1E-30	1.0E-10	1.0E+10	1E-30	1.0E-10
39	4.3280049991267E-07	1.0E+10	1063800000	1E-30	1.14726832350307E-10	1.0E+10	1E-30	1.0E+10	6.14787676812502E-03	3.83824057272909E-05	1.0E+10	0.138218662150135	4.10279664390288E-05	1.0E+10	1.29306061942255E-02	1.44885511123613E-04	1.0E+10	0.012107338802582	2.42807195326399E-05	1.0E+10	2.34119357978264E-03	1E-30	1.56244421146765E-10	4.49237339396984E-02	1E-30	9.58542763572952E-12	2.89089686802475E-02	1.5097146252741E-06	4.48615008414239E-11	2.10841095962755E-02	6.88445745090428E-07	4.23034810352389E-11	2.10163709970665E-02	1.18538157956575E-11	8.40028661364737E-11	8.96787306352445	1.68781238645708E-12	2.00103566911689E-10	37.7186337460126	1.0E+10	1E-30	1.0E-10	1.0E+10	1E-30	1.0E-10	1.0E+10	1E-30	1.0E-10	1.0E+10	1E-30	1.0E-10	1.0E+10	1E-30	1.0E-10
40	9.76333093294342E-07	1.0E+10	500000000	1E-30	1.60850005775245E-10	1.0E+10	1E-30	1.0E+10	5.37304675022549E-03	1.12991944712087E-04	1.0E+10	36.4461277858011	1.90623433596864E-04	1.0E+10	3.19538056159701	1.31672797109194E-04	1.0E+10	0.653435635954906	1.21403019190488E-04	1.0E+10	9.12997082020528E-02	1.91449299636002E-04	1.0E+10	1.23778465672174E-02	8.01583301517187E-05	1.0E+10	7.3055830881865E-03	1E-30	2.4805594708474E-11	8.84378656691519E-02	1E-30	1.70554352358195E-10	0.041561074437881	3.8403116832183E-06	3.70036233060673E-11	1.03608089798663E-02	1.12293071747947E-06	5.75441572724601E-11	1.66743243020511E-02	2.22286600914848E-11	3.3914678229772E-11	4.09717171530354	4.28981263066499E-12	7.18026836243258E-11	8.9421468849817	1.0E+10	1E-30	1.0E-10	1.0E+10	1E-30	1.0E-10	1.0E+10	1E-30	1.0E-10
41	9.91743901022253E-07	1.0E+10	500000000	1E-30	1.44906661088568E-10	1.0E+10	1E-30	1.0E+10	4.73200350767754E-03	1.39242244135887E-04	1.0E+10	25.7589326049886	1.91341623109076E-04	1.0E+10	3.11092415650526	1.40349808024757E-04	1.0E+10	0.62731699583726	1.38315523203087E-04	1.0E+10	9.63447275721952E-02	1.6865784547823E-04	1.0E+10	1.68924378124819E-02	7.53394802498735E-05	1.0E+10	7.04167954455559E-03	1E-30	2.47600976322693E-11	6.66738349917456E-02	1E-30	2.16110245511371E-10	3.55269196764033E-02	2.86454909183263E-06	6.01542974629212E-11	1.58743451152749E-02	2.04474400674394E-06	3.8986635717499E-11	1.55672243143369E-02	1.86574102306671E-11	6.02063579556484E-11	6.09313408468864	3.00330195191587E-12	1.02455318917348E-10	21.1973282260702	1.0E+10	1E-30	1.0E-10	1.0E+10	1E-30	1.0E-10	1.0E+10	1E-30	1.0E-10
42	9.96710078962234E-07	1.0E+10	500000000	1E-30	6.97619610337839E-11	1.0E+10	1E-30	1.0E+10	4.19979173602332E-03	1.52499575677721E-04	1.0E+10	34.7880624988838	2.41911676753869E-04	1.0E+10	2.19301723708341	1.63077747879235E-04	1.0E+10	0.32531506221551	1.57857025049105E-04	1.0E+10	3.36074037128188E-02	1.35563271156545E-04	1.0E+10	4.0045787368839E-03	1E-30	2.04643752296936E-11	5.51063407559232E-02	1E-30	2.12016306475155E-10	3.66032069343738E-02	3.69152062993237E-06	4.8407415487598E-11	1.80922915294406E-02	1.90522617902508E-06	4.43172157886018E-11	0.016707196745883	1.95082654423575E-11	4.86120933338678E-11	4.86946773697426	3.84270373323078E-12	8.60687858481868E-11	13.9888717495838	3.51623290878035E-12	7.06256499099865E-11	100000	1.0E+10	1E-30	1.0E-10	1.0E+10	1E-30	1.0E-10	1.0E+10	1E-30	1.0E-10
43	9.96710078962234E-07	1.0E+10	500000000	1E-30	6.97619610337839E-11	1.0E+10	1E-30	1.0E+10	4.19979173602332E-03	1.52499575677721E-04	1.0E+10	34.7880624988838	2.41911676753869E-04	1.0E+10	2.19301723708341	1.63077747879235E-04	1.0E+10	0.32531506221551	1.57857025049105E-04	1.0E+10	3.36074037128188E-02	1.35563271156545E-04	1.0E+10	4.0045787368839E-03	1E-30	2.04643752296936E-11	5.51063407559232E-02	1E-30	2.12016306475155E-10	3.66032069343738E-02	3.69152062993237E-06	4.8407415487598E-11	1.80922915294406E-02	1.90522617902508E-06	4.43172157886018E-11	0.016707196745883	1.95082654423575E-11	4.86120933338678E-11	4.86946773697426	3.84270373323078E-12	8.60687858481868E-11	13.9888717495838	3.51623290878035E-12	7.06256499099865E-11	100000	1.0E+10	1E-30	1.0E-10	1.0E+10	1E-30	1.0E-10	1.0E+10	1E-30	1.0E-10
44	2.06590708578E-06	1.0E+10	227270000	1E-30	8.4049022235725E-11	1.0E+10	1E-30	1.0E+10	3.96807887079557E-03	1.78019087828365E-04	1.0E+10	29.8011007383924	3.72663423423701E-04	1.0E+10	1.92035759631336	2.96318698061775E-04	1.0E+10	0.493105469897893	2.70520740712818E-04	1.0E+10	9.38638381970944E-02	2.6804170652645E-04	1.0E+10	1.68459886073836E-02	1.74571266712452E-04	1.0E+10	4.86852267252664E-03	1E-30	2.74059233374504E-11	5.47075822044217E-02	1E-30	2.23605075178732E-10	2.85340786449086E-02	6.85248564240297E-06	5.55866477217089E-11	9.29034813919488E-03	3.47671504571539E-06	5.20407001139128E-11	1.14443476815877E-02	1.00616486978409E-11	7.21958147026032E-11	10.6246285876522	2.15553503792459E-12	1.60013951182047E-10	28.4882842374866	1.0E+10	1E-30	1.0E-10	1.0E+10	1E-30	1.0E-10	1.0E+10	1E-30	1.0E-10
45	2.06590708578E-06	1.0E+10	227270000	1E-30	8.4049022235725E-11	1.0E+10	1E-30	1.0E+10	3.96807887079557E-03	1.78019087828365E-04	1.0E+10	29.8011007383924	3.72663423423701E-04	1.0E+10	1.92035759631336	2.96318698061775E-04	1.0E+10	0.493105469897893	2.70520740712818E-04	1.0E+10	9.38638381970944E-02	2.6804170652645E-04	1.0E+10	1.68459886073836E-02	1.74571266712452E-04	1.0E+10	4.86852267252664E-03	1E-30	2.74059233374504E-11	5.47075822044217E-02	1E-30	2.23605075178732E-10	2.85340786449086E-02	6.85248564240297E-06	5.55866477217089E-11	9.29034813919488E-03	3.47671504571539E-06	5.20407001139128E-11	1.14443476815877E-02	1.00616486978409E-11	7.21958147026032E-11	10.6246285876522	2.15553503792459E-12	1.60013951182047E-10	28.4882842374866	1.0E+10	1E-30	1.0E-10	1.0E+10	1E-30	1.0E-10	1.0E+10	1E-30	1.0E-10
46	2.06590708578E-06	1.0E+10	227270000	1E-30	8.4049022235725E-11	1.0E+10	1E-30	1.0E+10	3.96807887079557E-03	1.78019087828365E-04	1.0E+10	29.8011007383924	3.72663423423701E-04	1.0E+10	1.92035759631336	2.96318698061775E-04	1.0E+10	0.493105469897893	2.70520740712818E-04	1.0E+10	9.38638381970944E-02	2.6804170652645E-04	1.0E+10	1.68459886073836E-02	1.74571266712452E-04	1.0E+10	4.86852267252664E-03	1E-30	2.74059233374504E-11	5.47075822044217E-02	1E-30	2.23605075178732E-10	2.85340786449086E-02	6.85248564240297E-06	5.55866477217089E-11	9.29034813919488E-03	3.47671504571539E-06	5.20407001139128E-11	1.14443476815877E-02	1.00616486978409E-11	7.21958147026032E-11	10.6246285876522	2.15553503792459E-12	1.60013951182047E-10	28.4882842374866	1.0E+10	1E-30	1.0E-10	1.0E+10	1E-30	1.0E-10	1.0E+10	1E-30	1.0E-10
47	2.06590708578E-06	1.0E+10	227270000	1E-30	8.4049022235725E-11	1.0E+10	1E-30	1.0E+10	3.96807887079557E-03	1.78019087828365E-04	1.0E+10	29.8011007383924	3.72663423423701E-04	1.0E+10	1.92035759631336	2.96318698061775E-04	1.0E+10	0.493105469897893	2.70520740712818E-04	1.0E+10	9.38638381970944E-02	2.6804170652645E-04	1.0E+10	1.68459886073836E-02	1.74571266712452E-04	1.0E+10	4.86852267252664E-03	1E-30	2.74059233374504E-11	5.47075822044217E-02	1E-30	2.23605075178732E-10	2.85340786449086E-02	6.85248564240297E-06	5.55866477217089E-11	9.29034813919488E-03	3.47671504571539E-06	5.20407001139128E-11	1.14443476815877E-02	1.00616486978409E-11	7.21958147026032E-11	10.6246285876522	2.15553503792459E-12	1.60013951182047E-10	28.4882842374866	1.0E+10	1E-30	1.0E-10	1.0E+10	1E-30	1.0E-10	1.0E+10	1E-30	1.0E-10
48	1.63518019846183E-06	1.0E+10	227270000	1E-30	1.38642190948855E-10	1.0E+10	1E-30	1.0E+10	0.005513528553466	7.19241369949733E-05	1.0E+10	73.7605620502699	7.76025947760216E-05	1.0E+10	10.1116640934105	6.3620268367751E-05	1.0E+10	1.62593575011197	5.21777093594486E-05	1.0E+10	0.3000639815281	5.34394342420272E-05	1.0E+10	0.047515688358947	3.39580637652302E-05	1.0E+10	1.37411231273267E-02	1E-30	2.25252711876074E-11	6.06559084140903E-02	1E-30	2.07999519124996E-10	3.48477028586139E-02	4.656374995293E-06	5.62874795739624E-11	1.29541350114319E-02	2.17878212102534E-06	5.6989689795285E-11	1.46095326885643E-02	1.3516141834579E-11	6.29730308225043E-11	8.41083969078056	3.8099436897609E-12	8.31058736466983E-11	20.8867841694903	1.0E+10	1E-30	1.0E-10	1.0E+10	1E-30	1.0E-10	1.0E+10	1E-30	1.0E-10
49	1.63518019846183E-06	1.0E+10	227270000	1E-30	1.38642190948855E-10	1.0E+10	1E-30	1.0E+10	0.005513528553466	7.19241369949733E-05	1.0E+10	73.7605620502699	7.76025947760216E-05	1.0E+10	10.1116640934105	6.3620268367751E-05	1.0E+10	1.62593575011197	5.21777093594486E-05	1.0E+10	0.3000639815281	5.34394342420272E-05	1.0E+10	0.047515688358947	3.39580637652302E-05	1.0E+10	1.37411231273267E-02	1E-30	2.25252711876074E-11	6.06559084140903E-02	1E-30	2.07999519124996E-10	3.48477028586139E-02	4.656374995293E-06	5.62874795739624E-11	1.29541350114319E-02	2.17878212102534E-06	5.6989689795285E-11	1.46095326885643E-02	1.3516141834579E-11	6.29730308225043E-11	8.41083969078056	3.8099436897609E-12	8.31058736466983E-11	20.8867841694903	1.0E+10	1E-30	1.0E-10	1.0E+10	1E-30	1.0E-10	1.0E+10	1E-30	1.0E-10
50	3.45113526797542E-06	1.0E+10	106380000	1E-30	1.03058067015654E-10	1.0E+10	1E-30	1.0E+10	4.14581939523043E-03	2.08441535118987E-04	1.0E+10	80.4849380199216	1.44457601816865E-04	1.0E+10	9.22483222371432	1.2103508949841E-04	1.0E+10	1.74496845877491	1.03846086515484E-04	1.0E+10	0.233511752014157	1.1594281413286E-04	1.0E+10	3.80587955208249E-02	6.28260276365589E-05	1.0E+10	1.11316431580004E-02	1E-30	2.7702886029606E-11	5.92554224092338E-02	1E-30	2.54127231553494E-10	2.69164983109045E-02	9.29730131223415E-06	6.10048886133937E-11	9.00968536018342E-03	5.51116310809075E-06	4.96026298686724E-11	8.6939106647342E-03	2.52440072599991E-11	2.83151515642818E-11	6.66147766622823	1.83855436856741E-12	1.21367532595783E-10	22.3564913468665	1.0E+10	1E-30	1.0E-10	1.0E+10	1E-30	1.0E-10	1.0E+10	1E-30	1.0E-10
51	3.45113526797542E-06	1.0E+10	106380000	1E-30	1.03058067015654E-10	1.0E+10	1E-30	1.0E+10	4.14581939523043E-03	2.08441535118987E-04	1.0E+10	80.4849380199216	1.44457601816865E-04	1.0E+10	9.22483222371432	1.2103508949841E-04	1.0E+10	1.74496845877491	1.03846086515484E-04	1.0E+10	0.233511752014157	1.1594281413286E-04	1.0E+10	3.80587955208249E-02	6.28260276365589E-05	1.0E+10	1.11316431580004E-02	1E-30	2.7702886029606E-11	5.92554224092338E-02	1E-30	2.54127231553494E-10	2.69164983109045E-02	9.29730131223415E-06	6.10048886133937E-11	9.00968536018342E-03	5.51116310809075E-06	4.96026298686724E-11	8.6939106647342E-03	2.52440072599991E-11	2.83151515642818E-11	6.66147766622823	1.83855436856741E-12	1.21367532595783E-10	22.3564913468665	1.0E+10	1E-30	1.0E-10	1.0E+10	1E-30	1.0E-10	1.0E+10	1E-30	1.0E-10
52	3.1038801422224E-06	1.0E+10	106380000	1E-30	9.2078370196068E-11	1.0E+10	1E-30	1.0E+10	4.2561918741415E-03	1.67001861173839E-04	1.0E+10	31.7670996744611	1.6188028865934E-04	1.0E+10	5.82780359178101	1.22378255376275E-04	1.0E+10	1.08891660213931	1.18034331532238E-04	1.0E+10	0.152296713697028	1.40770178570939E-04	1.0E+10	2.32374364675442E-02	7.84978628630708E-05	1.0E+10	8.58476427464755E-03	1E-30	2.89255974265732E-11	5.77411488582773E-02	1E-30	2.23431195150189E-10	2.60173875176632E-02	9.76360756409337E-06	5.40491303724555E-11	8.15041684372912E-03	4.75623109639526E-06	5.50403840503919E-11	9.29511319328486E-03	1.08257390035452E-11	7.8623031284197E-11	10.5010939365219	2.42742178878278E-12	1.2043827007958E-10	32.7827128823176	1.0E+10	1E-30	1.0E-10	1.0E+10	1E-30	1.0E-10	1.0E+10	1E-30	1.0E-10
53	3.1038801422224E-06	1.0E+10	106380000	1E-30	9.2078370196068E-11	1.0E+10	1E-30	1.0E+10	4.2561918741415E-03	1.67001861173839E-04	1.0E+10	31.7670996744611	1.6188028865934E-04	1.0E+10	5.82780359178101	1.22378255376275E-04	1.0E+10	1.08891660213931	1.18034331532238E-04	1.0E+10	0.152296713697028	1.40770178570939E-04	1.0E+10	2.32374364675442E-02	7.84978628630708E-05	1.0E+10	8.58476427464755E-03	1E-30	2.89255974265732E-11	5.77411488582773E-02	1E-30	2.23431195150189E-10	2.60173875176632E-02	9.76360756409337E-06	5.40491303724555E-11	8.15041684372912E-03	4.75623109639526E-06	5.50403840503919E-11	9.29511319328486E-03	1.08257390035452E-11	7.8623031284197E-11	10.5010939365219	2.42742178878278E-12	1.2043827007958E-10	32.7827128823176	1.0E+10	1E-30	1.0E-10	1.0E+10	1E-30	1.0E-10	1.0E+10	1E-30	1.0E-10
54	7.31285796317036E-06	1.0E+10	5000000	1E-30	1.41023007173774E-10	1.0E+10	1E-30	1.0E+10	3.27430106775812E-03	2.56928472022752E-04	1.0E+10	41.1989969675495	2.95158244162489E-04	1.0E+10	5.30449395436604	2.47576958222353E-04	1.0E+10	0.872948562421593	2.35765423192508E-04	1.0E+10	0.112776539446445	2.4037304109249E-04	1.0E+10	1.52690887332698E-02	2.08525510077963E-04	1.0E+10	3.61779832790431E-03	1E-30	1.73521661472698E-11	0.124342820054077	1E-30	2.7794320875396E-11	2.94616584257984E-02	1E-30	3.03413835510881E-10	2.06366571277161E-02	1.87774831805336E-05	7.6353887413661E-11	5.29955492640927E-03	1.32316440565977E-05	5.44010380830716E-11	5.3080354797378E-03	1.77769331279929E-11	3.47197086751607E-11	5.96859394309802	4.93420197622382E-12	7.13002157430989E-11	11.5198063188628	1.0E+10	1E-30	1.0E-10	1.0E+10	1E-30	1.0E-10
55	7.31285796317036E-06	1.0E+10	5000000	1E-30	1.41023007173774E-10	1.0E+10	1E-30	1.0E+10	3.27430106775812E-03	2.56928472022752E-04	1.0E+10	41.1989969675495	2.95158244162489E-04	1.0E+10	5.30449395436604	2.47576958222353E-04	1.0E+10	0.872948562421593	2.35765423192508E-04	1.0E+10	0.112776539446445	2.4037304109249E-04	1.0E+10	1.52690887332698E-02	2.08525510077963E-04	1.0E+10	3.61779832790431E-03	1E-30	1.73521661472698E-11	0.124342820054077	1E-30	2.7794320875396E-11	2.94616584257984E-02	1E-30	3.03413835510881E-10	2.06366571277161E-02	1.87774831805336E-05	7.6353887413661E-11	5.29955492640927E-03	1.32316440565977E-05	5.44010380830716E-11	5.3080354797378E-03	1.77769331279929E-11	3.47197086751607E-11	5.96859394309802	4.93420197622382E-12	7.13002157430989E-11	11.5198063188628	1.0E+10	1E-30	1.0E-10	1.0E+10	1E-30	1.0E-10
END DSCRDATA
