BEGIN DSCRDATA
% INDEX	K01	L01	M01	K02	L02	M02	K03	L03	M03	K04	L04	M04	K05	L05	M05	K06	L06	M06	K07	L07	M07	K08	L08	M08	K09	L09	M09	K10	L10	M10	K11	L11	M11	K12	L12	M12	K13	L13	M13	K14	L14	M14	K15	L15	M15	K16	L16	M16	K17	L17	M17	K18	L18	M18
0	0.0000000000002	1.0E+10	1.0E+10	1E-30	3.26639005278947E-10	1.0E+10	1E-30	1.0E+10	0.83	1.0E+10	1E-30	1.0E-10	1.0E+10	1E-30	1.0E-10	1.0E+10	1E-30	1.0E-10	1.0E+10	1E-30	1.0E-10	1.0E+10	1E-30	1.0E-10	1.0E+10	1E-30	1.0E-10	1.0E+10	1E-30	1.0E-10	1.0E+10	1E-30	1.0E-10	1.0E+10	1E-30	1.0E-10	1.0E+10	1E-30	1.0E-10	1.0E+10	1E-30	1.0E-10	1.0E+10	1E-30	1.0E-10	1.0E+10	1E-30	1.0E-10	1.0E+10	1E-30	1.0E-10	1.0E+10	1E-30	1.0E-10
1	0.0000000000002	1.0E+10	1.0E+10	1E-30	3.26639005278947E-10	1.0E+10	1E-30	1.0E+10	0.83	1.0E+10	1E-30	1.0E-10	1.0E+10	1E-30	1.0E-10	1.0E+10	1E-30	1.0E-10	1.0E+10	1E-30	1.0E-10	1.0E+10	1E-30	1.0E-10	1.0E+10	1E-30	1.0E-10	1.0E+10	1E-30	1.0E-10	1.0E+10	1E-30	1.0E-10	1.0E+10	1E-30	1.0E-10	1.0E+10	1E-30	1.0E-10	1.0E+10	1E-30	1.0E-10	1.0E+10	1E-30	1.0E-10	1.0E+10	1E-30	1.0E-10	1.0E+10	1E-30	1.0E-10	1.0E+10	1E-30	1.0E-10
2	0.0000000000003	1.0E+10	1.0E+10	1E-30	2.88358742755605E-10	1.0E+10	1E-30	1.0E+10	0.464644985673744	1E-30	2.30683943283491E-12	0.593268923413693	4.32419671246525E-12	1.17156075890652E-11	100000	1.0E+10	1E-30	1.0E-10	1.0E+10	1E-30	1.0E-10	1.0E+10	1E-30	1.0E-10	1.0E+10	1E-30	1.0E-10	1.0E+10	1E-30	1.0E-10	1.0E+10	1E-30	1.0E-10	1.0E+10	1E-30	1.0E-10	1.0E+10	1E-30	1.0E-10	1.0E+10	1E-30	1.0E-10	1.0E+10	1E-30	1.0E-10	1.0E+10	1E-30	1.0E-10	1.0E+10	1E-30	1.0E-10	1.0E+10	1E-30	1.0E-10
3	0.0000000000003	1.0E+10	1.0E+10	1E-30	2.88358742755605E-10	1.0E+10	1E-30	1.0E+10	0.464644985673744	1E-30	2.30683943283491E-12	0.593268923413693	4.32419671246525E-12	1.17156075890652E-11	100000	1.0E+10	1E-30	1.0E-10	1.0E+10	1E-30	1.0E-10	1.0E+10	1E-30	1.0E-10	1.0E+10	1E-30	1.0E-10	1.0E+10	1E-30	1.0E-10	1.0E+10	1E-30	1.0E-10	1.0E+10	1E-30	1.0E-10	1.0E+10	1E-30	1.0E-10	1.0E+10	1E-30	1.0E-10	1.0E+10	1E-30	1.0E-10	1.0E+10	1E-30	1.0E-10	1.0E+10	1E-30	1.0E-10	1.0E+10	1E-30	1.0E-10
4	0.0000000000004	1.0E+10	1.0E+10	1E-30	0.000000000265	1.0E+10	1E-30	1.0E+10	0.38	1E-30	3.96488010927021E-12	0.748276508626018	1.23392749286189E-12	3.57586091379872E-11	100000	1.0E+10	1E-30	1.0E-10	1.0E+10	1E-30	1.0E-10	1.0E+10	1E-30	1.0E-10	1.0E+10	1E-30	1.0E-10	1.0E+10	1E-30	1.0E-10	1.0E+10	1E-30	1.0E-10	1.0E+10	1E-30	1.0E-10	1.0E+10	1E-30	1.0E-10	1.0E+10	1E-30	1.0E-10	1.0E+10	1E-30	1.0E-10	1.0E+10	1E-30	1.0E-10	1.0E+10	1E-30	1.0E-10	1.0E+10	1E-30	1.0E-10
5	0.0000000000004	1.0E+10	1.0E+10	1E-30	0.000000000265	1.0E+10	1E-30	1.0E+10	0.38	1E-30	3.96488010927021E-12	0.748276508626018	1.23392749286189E-12	3.57586091379872E-11	100000	1.0E+10	1E-30	1.0E-10	1.0E+10	1E-30	1.0E-10	1.0E+10	1E-30	1.0E-10	1.0E+10	1E-30	1.0E-10	1.0E+10	1E-30	1.0E-10	1.0E+10	1E-30	1.0E-10	1.0E+10	1E-30	1.0E-10	1.0E+10	1E-30	1.0E-10	1.0E+10	1E-30	1.0E-10	1.0E+10	1E-30	1.0E-10	1.0E+10	1E-30	1.0E-10	1.0E+10	1E-30	1.0E-10	1.0E+10	1E-30	1.0E-10
6	0.0000000000005	1.0E+10	1.0E+10	1E-30	0.000000000242	1.0E+10	1E-30	1.0E+10	0.375	1E-30	3.51467532163455E-12	0.477331117269188	6.70077404581318E-13	6.14533107931147E-11	100000	1.0E+10	1E-30	1.0E-10	1.0E+10	1E-30	1.0E-10	1.0E+10	1E-30	1.0E-10	1.0E+10	1E-30	1.0E-10	1.0E+10	1E-30	1.0E-10	1.0E+10	1E-30	1.0E-10	1.0E+10	1E-30	1.0E-10	1.0E+10	1E-30	1.0E-10	1.0E+10	1E-30	1.0E-10	1.0E+10	1E-30	1.0E-10	1.0E+10	1E-30	1.0E-10	1.0E+10	1E-30	1.0E-10	1.0E+10	1E-30	1.0E-10
7	0.0000000000005	1.0E+10	1.0E+10	1E-30	0.000000000242	1.0E+10	1E-30	1.0E+10	0.375	1E-30	3.51467532163455E-12	0.477331117269188	6.70077404581318E-13	6.14533107931147E-11	100000	1.0E+10	1E-30	1.0E-10	1.0E+10	1E-30	1.0E-10	1.0E+10	1E-30	1.0E-10	1.0E+10	1E-30	1.0E-10	1.0E+10	1E-30	1.0E-10	1.0E+10	1E-30	1.0E-10	1.0E+10	1E-30	1.0E-10	1.0E+10	1E-30	1.0E-10	1.0E+10	1E-30	1.0E-10	1.0E+10	1E-30	1.0E-10	1.0E+10	1E-30	1.0E-10	1.0E+10	1E-30	1.0E-10	1.0E+10	1E-30	1.0E-10
8	0.0000000000006	1.0E+10	1.0E+10	1E-30	0.000000000273	1.0E+10	1E-30	1.0E+10	0.36	3.97290178087767E-11	1.54251691121307E-12	0.591129056830851	1.52147001184239E-12	3.03673477028594E-11	100000	1.0E+10	1E-30	1.0E-10	1.0E+10	1E-30	1.0E-10	1.0E+10	1E-30	1.0E-10	1.0E+10	1E-30	1.0E-10	1.0E+10	1E-30	1.0E-10	1.0E+10	1E-30	1.0E-10	1.0E+10	1E-30	1.0E-10	1.0E+10	1E-30	1.0E-10	1.0E+10	1E-30	1.0E-10	1.0E+10	1E-30	1.0E-10	1.0E+10	1E-30	1.0E-10	1.0E+10	1E-30	1.0E-10	1.0E+10	1E-30	1.0E-10
9	0.0000000000006	1.0E+10	1.0E+10	1E-30	0.000000000273	1.0E+10	1E-30	1.0E+10	0.36	3.97290178087767E-11	1.54251691121307E-12	0.591129056830851	1.52147001184239E-12	3.03673477028594E-11	100000	1.0E+10	1E-30	1.0E-10	1.0E+10	1E-30	1.0E-10	1.0E+10	1E-30	1.0E-10	1.0E+10	1E-30	1.0E-10	1.0E+10	1E-30	1.0E-10	1.0E+10	1E-30	1.0E-10	1.0E+10	1E-30	1.0E-10	1.0E+10	1E-30	1.0E-10	1.0E+10	1E-30	1.0E-10	1.0E+10	1E-30	1.0E-10	1.0E+10	1E-30	1.0E-10	1.0E+10	1E-30	1.0E-10	1.0E+10	1E-30	1.0E-10
10	0.0000000000007	1.0E+10	1.0E+10	1E-30	0.000000000205	1.0E+10	1E-30	1.0E+10	0.34071380808729	3.39639661841914E-11	1.72313523360112E-12	0.85069080023622	4.60450159592115E-13	8.1561955762304E-11	100000	1.0E+10	1E-30	1.0E-10	1.0E+10	1E-30	1.0E-10	1.0E+10	1E-30	1.0E-10	1.0E+10	1E-30	1.0E-10	1.0E+10	1E-30	1.0E-10	1.0E+10	1E-30	1.0E-10	1.0E+10	1E-30	1.0E-10	1.0E+10	1E-30	1.0E-10	1.0E+10	1E-30	1.0E-10	1.0E+10	1E-30	1.0E-10	1.0E+10	1E-30	1.0E-10	1.0E+10	1E-30	1.0E-10	1.0E+10	1E-30	1.0E-10
11	0.0000000000007	1.0E+10	1.0E+10	1E-30	0.000000000205	1.0E+10	1E-30	1.0E+10	0.34071380808729	3.39639661841914E-11	1.72313523360112E-12	0.85069080023622	4.60450159592115E-13	8.1561955762304E-11	100000	1.0E+10	1E-30	1.0E-10	1.0E+10	1E-30	1.0E-10	1.0E+10	1E-30	1.0E-10	1.0E+10	1E-30	1.0E-10	1.0E+10	1E-30	1.0E-10	1.0E+10	1E-30	1.0E-10	1.0E+10	1E-30	1.0E-10	1.0E+10	1E-30	1.0E-10	1.0E+10	1E-30	1.0E-10	1.0E+10	1E-30	1.0E-10	1.0E+10	1E-30	1.0E-10	1.0E+10	1E-30	1.0E-10	1.0E+10	1E-30	1.0E-10
12	0.00000000000075	1.0E+10	1.0E+10	1E-30	0.00000000022	1.0E+10	1E-30	1.0E+10	0.5	1E-30	1.0508958727745E-11	0.880396467625658	1.0E+10	1E-30	1.0E-10	1.0E+10	1E-30	1.0E-10	1.0E+10	1E-30	1.0E-10	1.0E+10	1E-30	1.0E-10	1.0E+10	1E-30	1.0E-10	1.0E+10	1E-30	1.0E-10	1.0E+10	1E-30	1.0E-10	1.0E+10	1E-30	1.0E-10	1.0E+10	1E-30	1.0E-10	1.0E+10	1E-30	1.0E-10	1.0E+10	1E-30	1.0E-10	1.0E+10	1E-30	1.0E-10	1.0E+10	1E-30	1.0E-10	1.0E+10	1E-30	1.0E-10
13	0.0000000000008	1.0E+10	1.0E+10	1E-30	0.000000000263	1.0E+10	1E-30	1.0E+10	0.31	5.9973050767241E-11	1.021836992648E-12	0.391592165575582	1.41315459328949E-12	3.34565060486213E-11	100000	1.0E+10	1E-30	1.0E-10	1.0E+10	1E-30	1.0E-10	1.0E+10	1E-30	1.0E-10	1.0E+10	1E-30	1.0E-10	1.0E+10	1E-30	1.0E-10	1.0E+10	1E-30	1.0E-10	1.0E+10	1E-30	1.0E-10	1.0E+10	1E-30	1.0E-10	1.0E+10	1E-30	1.0E-10	1.0E+10	1E-30	1.0E-10	1.0E+10	1E-30	1.0E-10	1.0E+10	1E-30	1.0E-10	1.0E+10	1E-30	1.0E-10
14	0.0000000000008	1.0E+10	1.0E+10	1E-30	0.000000000263	1.0E+10	1E-30	1.0E+10	0.31	5.9973050767241E-11	1.021836992648E-12	0.391592165575582	1.41315459328949E-12	3.34565060486213E-11	100000	1.0E+10	1E-30	1.0E-10	1.0E+10	1E-30	1.0E-10	1.0E+10	1E-30	1.0E-10	1.0E+10	1E-30	1.0E-10	1.0E+10	1E-30	1.0E-10	1.0E+10	1E-30	1.0E-10	1.0E+10	1E-30	1.0E-10	1.0E+10	1E-30	1.0E-10	1.0E+10	1E-30	1.0E-10	1.0E+10	1E-30	1.0E-10	1.0E+10	1E-30	1.0E-10	1.0E+10	1E-30	1.0E-10	1.0E+10	1E-30	1.0E-10
15	0.0000000000009	1.0E+10	1.0E+10	1E-30	0.00000000023	1.0E+10	1E-30	1.0E+10	0.28	4.75878350362676E-11	1.28778041256171E-12	0.621289749770392	6.46571644970641E-13	6.2237709903322E-11	100000	1.0E+10	1E-30	1.0E-10	1.0E+10	1E-30	1.0E-10	1.0E+10	1E-30	1.0E-10	1.0E+10	1E-30	1.0E-10	1.0E+10	1E-30	1.0E-10	1.0E+10	1E-30	1.0E-10	1.0E+10	1E-30	1.0E-10	1.0E+10	1E-30	1.0E-10	1.0E+10	1E-30	1.0E-10	1.0E+10	1E-30	1.0E-10	1.0E+10	1E-30	1.0E-10	1.0E+10	1E-30	1.0E-10	1.0E+10	1E-30	1.0E-10
16	0.0000000000009	1.0E+10	1.0E+10	1E-30	0.00000000023	1.0E+10	1E-30	1.0E+10	0.28	4.75878350362676E-11	1.28778041256171E-12	0.621289749770392	6.46571644970641E-13	6.2237709903322E-11	100000	1.0E+10	1E-30	1.0E-10	1.0E+10	1E-30	1.0E-10	1.0E+10	1E-30	1.0E-10	1.0E+10	1E-30	1.0E-10	1.0E+10	1E-30	1.0E-10	1.0E+10	1E-30	1.0E-10	1.0E+10	1E-30	1.0E-10	1.0E+10	1E-30	1.0E-10	1.0E+10	1E-30	1.0E-10	1.0E+10	1E-30	1.0E-10	1.0E+10	1E-30	1.0E-10	1.0E+10	1E-30	1.0E-10	1.0E+10	1E-30	1.0E-10
17	0.000000000001	1.0E+10	1.0E+10	1E-30	0.000000000235	1.0E+10	1E-30	1.0E+10	0.3	1E-30	2.86520123691598E-12	0.527001928632164	8.38773470068671E-13	5.38301479460609E-11	100000	1.0E+10	1E-30	1.0E-10	1.0E+10	1E-30	1.0E-10	1.0E+10	1E-30	1.0E-10	1.0E+10	1E-30	1.0E-10	1.0E+10	1E-30	1.0E-10	1.0E+10	1E-30	1.0E-10	1.0E+10	1E-30	1.0E-10	1.0E+10	1E-30	1.0E-10	1.0E+10	1E-30	1.0E-10	1.0E+10	1E-30	1.0E-10	1.0E+10	1E-30	1.0E-10	1.0E+10	1E-30	1.0E-10	1.0E+10	1E-30	1.0E-10
18	0.000000000001	1.0E+10	1.0E+10	1E-30	0.000000000235	1.0E+10	1E-30	1.0E+10	0.3	1E-30	2.86520123691598E-12	0.527001928632164	8.38773470068671E-13	5.38301479460609E-11	100000	1.0E+10	1E-30	1.0E-10	1.0E+10	1E-30	1.0E-10	1.0E+10	1E-30	1.0E-10	1.0E+10	1E-30	1.0E-10	1.0E+10	1E-30	1.0E-10	1.0E+10	1E-30	1.0E-10	1.0E+10	1E-30	1.0E-10	1.0E+10	1E-30	1.0E-10	1.0E+10	1E-30	1.0E-10	1.0E+10	1E-30	1.0E-10	1.0E+10	1E-30	1.0E-10	1.0E+10	1E-30	1.0E-10	1.0E+10	1E-30	1.0E-10
19	0.000000000001	1.0E+10	1.0E+10	1E-30	0.000000000235	1.0E+10	1E-30	1.0E+10	0.3	1E-30	2.86520123691598E-12	0.527001928632164	8.38773470068671E-13	5.38301479460609E-11	100000	1.0E+10	1E-30	1.0E-10	1.0E+10	1E-30	1.0E-10	1.0E+10	1E-30	1.0E-10	1.0E+10	1E-30	1.0E-10	1.0E+10	1E-30	1.0E-10	1.0E+10	1E-30	1.0E-10	1.0E+10	1E-30	1.0E-10	1.0E+10	1E-30	1.0E-10	1.0E+10	1E-30	1.0E-10	1.0E+10	1E-30	1.0E-10	1.0E+10	1E-30	1.0E-10	1.0E+10	1E-30	1.0E-10	1.0E+10	1E-30	1.0E-10
20	0.0000000000011	1.0E+10	1.0E+10	1E-30	0.000000000265	1.0E+10	1E-30	1.0E+10	0.3	1E-30	6.23974504604179E-12	0.297308180819926	1.0E+10	1E-30	1.0E-10	1.0E+10	1E-30	1.0E-10	1.0E+10	1E-30	1.0E-10	1.0E+10	1E-30	1.0E-10	1.0E+10	1E-30	1.0E-10	1.0E+10	1E-30	1.0E-10	1.0E+10	1E-30	1.0E-10	1.0E+10	1E-30	1.0E-10	1.0E+10	1E-30	1.0E-10	1.0E+10	1E-30	1.0E-10	1.0E+10	1E-30	1.0E-10	1.0E+10	1E-30	1.0E-10	1.0E+10	1E-30	1.0E-10	1.0E+10	1E-30	1.0E-10
21	0.0000000000011	1.0E+10	1.0E+10	1E-30	0.000000000265	1.0E+10	1E-30	1.0E+10	0.3	1E-30	6.23974504604179E-12	0.297308180819926	1.0E+10	1E-30	1.0E-10	1.0E+10	1E-30	1.0E-10	1.0E+10	1E-30	1.0E-10	1.0E+10	1E-30	1.0E-10	1.0E+10	1E-30	1.0E-10	1.0E+10	1E-30	1.0E-10	1.0E+10	1E-30	1.0E-10	1.0E+10	1E-30	1.0E-10	1.0E+10	1E-30	1.0E-10	1.0E+10	1E-30	1.0E-10	1.0E+10	1E-30	1.0E-10	1.0E+10	1E-30	1.0E-10	1.0E+10	1E-30	1.0E-10	1.0E+10	1E-30	1.0E-10
22	0.0000000000011	1.0E+10	1.0E+10	1E-30	0.000000000265	1.0E+10	1E-30	1.0E+10	0.3	1E-30	6.23974504604179E-12	0.297308180819926	1.0E+10	1E-30	1.0E-10	1.0E+10	1E-30	1.0E-10	1.0E+10	1E-30	1.0E-10	1.0E+10	1E-30	1.0E-10	1.0E+10	1E-30	1.0E-10	1.0E+10	1E-30	1.0E-10	1.0E+10	1E-30	1.0E-10	1.0E+10	1E-30	1.0E-10	1.0E+10	1E-30	1.0E-10	1.0E+10	1E-30	1.0E-10	1.0E+10	1E-30	1.0E-10	1.0E+10	1E-30	1.0E-10	1.0E+10	1E-30	1.0E-10	1.0E+10	1E-30	1.0E-10
23	0.0000000000011	1.0E+10	1.0E+10	1E-30	0.000000000265	1.0E+10	1E-30	1.0E+10	0.3	1E-30	6.23974504604179E-12	0.297308180819926	1.0E+10	1E-30	1.0E-10	1.0E+10	1E-30	1.0E-10	1.0E+10	1E-30	1.0E-10	1.0E+10	1E-30	1.0E-10	1.0E+10	1E-30	1.0E-10	1.0E+10	1E-30	1.0E-10	1.0E+10	1E-30	1.0E-10	1.0E+10	1E-30	1.0E-10	1.0E+10	1E-30	1.0E-10	1.0E+10	1E-30	1.0E-10	1.0E+10	1E-30	1.0E-10	1.0E+10	1E-30	1.0E-10	1.0E+10	1E-30	1.0E-10	1.0E+10	1E-30	1.0E-10
24	0.0000000000012	1.0E+10	1.0E+10	1E-30	0.000000000248	1.0E+10	1E-30	1.0E+10	0.29	1E-30	1.60753650863763E-11	3.77756821466321	1.0E+10	1E-30	1.0E-10	1.0E+10	1E-30	1.0E-10	1.0E+10	1E-30	1.0E-10	1.0E+10	1E-30	1.0E-10	1.0E+10	1E-30	1.0E-10	1.0E+10	1E-30	1.0E-10	1.0E+10	1E-30	1.0E-10	1.0E+10	1E-30	1.0E-10	1.0E+10	1E-30	1.0E-10	1.0E+10	1E-30	1.0E-10	1.0E+10	1E-30	1.0E-10	1.0E+10	1E-30	1.0E-10	1.0E+10	1E-30	1.0E-10	1.0E+10	1E-30	1.0E-10
25	0.0000000000012	1.0E+10	1.0E+10	1E-30	0.000000000248	1.0E+10	1E-30	1.0E+10	0.29	1E-30	1.60753650863763E-11	3.77756821466321	1.0E+10	1E-30	1.0E-10	1.0E+10	1E-30	1.0E-10	1.0E+10	1E-30	1.0E-10	1.0E+10	1E-30	1.0E-10	1.0E+10	1E-30	1.0E-10	1.0E+10	1E-30	1.0E-10	1.0E+10	1E-30	1.0E-10	1.0E+10	1E-30	1.0E-10	1.0E+10	1E-30	1.0E-10	1.0E+10	1E-30	1.0E-10	1.0E+10	1E-30	1.0E-10	1.0E+10	1E-30	1.0E-10	1.0E+10	1E-30	1.0E-10	1.0E+10	1E-30	1.0E-10
26	0.0000000000012	1.0E+10	1.0E+10	1E-30	0.000000000248	1.0E+10	1E-30	1.0E+10	0.29	1E-30	1.60753650863763E-11	3.77756821466321	1.0E+10	1E-30	1.0E-10	1.0E+10	1E-30	1.0E-10	1.0E+10	1E-30	1.0E-10	1.0E+10	1E-30	1.0E-10	1.0E+10	1E-30	1.0E-10	1.0E+10	1E-30	1.0E-10	1.0E+10	1E-30	1.0E-10	1.0E+10	1E-30	1.0E-10	1.0E+10	1E-30	1.0E-10	1.0E+10	1E-30	1.0E-10	1.0E+10	1E-30	1.0E-10	1.0E+10	1E-30	1.0E-10	1.0E+10	1E-30	1.0E-10	1.0E+10	1E-30	1.0E-10
27	0.0000000000012	1.0E+10	1.0E+10	1E-30	0.000000000248	1.0E+10	1E-30	1.0E+10	0.29	1E-30	1.60753650863763E-11	3.77756821466321	1.0E+10	1E-30	1.0E-10	1.0E+10	1E-30	1.0E-10	1.0E+10	1E-30	1.0E-10	1.0E+10	1E-30	1.0E-10	1.0E+10	1E-30	1.0E-10	1.0E+10	1E-30	1.0E-10	1.0E+10	1E-30	1.0E-10	1.0E+10	1E-30	1.0E-10	1.0E+10	1E-30	1.0E-10	1.0E+10	1E-30	1.0E-10	1.0E+10	1E-30	1.0E-10	1.0E+10	1E-30	1.0E-10	1.0E+10	1E-30	1.0E-10	1.0E+10	1E-30	1.0E-10
28	0.0000000000013	1.0E+10	1.0E+10	1E-30	0.000000000195	1.0E+10	1E-30	1.0E+10	0.27	1E-30	1.99727511047701E-11	4.69341936107571	1.42301512576479E-11	1.64818892437144E-11	1.0E+10	1.0E+10	1E-30	1.0E-10	1.0E+10	1E-30	1.0E-10	1.0E+10	1E-30	1.0E-10	1.0E+10	1E-30	1.0E-10	1.0E+10	1E-30	1.0E-10	1.0E+10	1E-30	1.0E-10	1.0E+10	1E-30	1.0E-10	1.0E+10	1E-30	1.0E-10	1.0E+10	1E-30	1.0E-10	1.0E+10	1E-30	1.0E-10	1.0E+10	1E-30	1.0E-10	1.0E+10	1E-30	1.0E-10	1.0E+10	1E-30	1.0E-10
29	0.0000000000013	1.0E+10	1.0E+10	1E-30	0.000000000195	1.0E+10	1E-30	1.0E+10	0.27	1E-30	1.99727511047701E-11	4.69341936107571	1.42301512576479E-11	1.64818892437144E-11	1.0E+10	1.0E+10	1E-30	1.0E-10	1.0E+10	1E-30	1.0E-10	1.0E+10	1E-30	1.0E-10	1.0E+10	1E-30	1.0E-10	1.0E+10	1E-30	1.0E-10	1.0E+10	1E-30	1.0E-10	1.0E+10	1E-30	1.0E-10	1.0E+10	1E-30	1.0E-10	1.0E+10	1E-30	1.0E-10	1.0E+10	1E-30	1.0E-10	1.0E+10	1E-30	1.0E-10	1.0E+10	1E-30	1.0E-10	1.0E+10	1E-30	1.0E-10
30	0.0000000000013	1.0E+10	1.0E+10	1E-30	0.000000000195	1.0E+10	1E-30	1.0E+10	0.27	1E-30	1.99727511047701E-11	4.69341936107571	1.42301512576479E-11	1.64818892437144E-11	1.0E+10	1.0E+10	1E-30	1.0E-10	1.0E+10	1E-30	1.0E-10	1.0E+10	1E-30	1.0E-10	1.0E+10	1E-30	1.0E-10	1.0E+10	1E-30	1.0E-10	1.0E+10	1E-30	1.0E-10	1.0E+10	1E-30	1.0E-10	1.0E+10	1E-30	1.0E-10	1.0E+10	1E-30	1.0E-10	1.0E+10	1E-30	1.0E-10	1.0E+10	1E-30	1.0E-10	1.0E+10	1E-30	1.0E-10	1.0E+10	1E-30	1.0E-10
31	0.0000000000013	1.0E+10	1.0E+10	1E-30	0.000000000195	1.0E+10	1E-30	1.0E+10	0.27	1E-30	1.99727511047701E-11	4.69341936107571	1.42301512576479E-11	1.64818892437144E-11	1.0E+10	1.0E+10	1E-30	1.0E-10	1.0E+10	1E-30	1.0E-10	1.0E+10	1E-30	1.0E-10	1.0E+10	1E-30	1.0E-10	1.0E+10	1E-30	1.0E-10	1.0E+10	1E-30	1.0E-10	1.0E+10	1E-30	1.0E-10	1.0E+10	1E-30	1.0E-10	1.0E+10	1E-30	1.0E-10	1.0E+10	1E-30	1.0E-10	1.0E+10	1E-30	1.0E-10	1.0E+10	1E-30	1.0E-10	1.0E+10	1E-30	1.0E-10
32	0.0000000000014	1.0E+10	1.0E+10	1E-30	0.000000000207	1.0E+10	1E-30	1.0E+10	0.25	1E-30	1.16771235176972E-11	2.74402045627772	1.82979649485519E-11	1.39830618089929E-11	1.0E+10	1.0E+10	1E-30	1.0E-10	1.0E+10	1E-30	1.0E-10	1.0E+10	1E-30	1.0E-10	1.0E+10	1E-30	1.0E-10	1.0E+10	1E-30	1.0E-10	1.0E+10	1E-30	1.0E-10	1.0E+10	1E-30	1.0E-10	1.0E+10	1E-30	1.0E-10	1.0E+10	1E-30	1.0E-10	1.0E+10	1E-30	1.0E-10	1.0E+10	1E-30	1.0E-10	1.0E+10	1E-30	1.0E-10	1.0E+10	1E-30	1.0E-10
33	0.0000000000015	1.0E+10	1.0E+10	1E-30	0.000000000255	1.0E+10	1E-30	1.0E+10	0.25	1E-30	9.8203384429166E-13	3.70218037296387E-02	1.0E+10	1E-30	1.0E-10	1.0E+10	1E-30	1.0E-10	1.0E+10	1E-30	1.0E-10	1.0E+10	1E-30	1.0E-10	1.0E+10	1E-30	1.0E-10	1.0E+10	1E-30	1.0E-10	1.0E+10	1E-30	1.0E-10	1.0E+10	1E-30	1.0E-10	1.0E+10	1E-30	1.0E-10	1.0E+10	1E-30	1.0E-10	1.0E+10	1E-30	1.0E-10	1.0E+10	1E-30	1.0E-10	1.0E+10	1E-30	1.0E-10	1.0E+10	1E-30	1.0E-10
34	0.0000000000015	1.0E+10	1.0E+10	1E-30	0.000000000255	1.0E+10	1E-30	1.0E+10	0.25	1E-30	9.8203384429166E-13	3.70218037296387E-02	1.0E+10	1E-30	1.0E-10	1.0E+10	1E-30	1.0E-10	1.0E+10	1E-30	1.0E-10	1.0E+10	1E-30	1.0E-10	1.0E+10	1E-30	1.0E-10	1.0E+10	1E-30	1.0E-10	1.0E+10	1E-30	1.0E-10	1.0E+10	1E-30	1.0E-10	1.0E+10	1E-30	1.0E-10	1.0E+10	1E-30	1.0E-10	1.0E+10	1E-30	1.0E-10	1.0E+10	1E-30	1.0E-10	1.0E+10	1E-30	1.0E-10	1.0E+10	1E-30	1.0E-10
35	0.0000000000015	1.0E+10	1.0E+10	1E-30	0.000000000255	1.0E+10	1E-30	1.0E+10	0.25	1E-30	9.8203384429166E-13	3.70218037296387E-02	1.0E+10	1E-30	1.0E-10	1.0E+10	1E-30	1.0E-10	1.0E+10	1E-30	1.0E-10	1.0E+10	1E-30	1.0E-10	1.0E+10	1E-30	1.0E-10	1.0E+10	1E-30	1.0E-10	1.0E+10	1E-30	1.0E-10	1.0E+10	1E-30	1.0E-10	1.0E+10	1E-30	1.0E-10	1.0E+10	1E-30	1.0E-10	1.0E+10	1E-30	1.0E-10	1.0E+10	1E-30	1.0E-10	1.0E+10	1E-30	1.0E-10	1.0E+10	1E-30	1.0E-10
36	0.0000000000015	1.0E+10	1.0E+10	1E-30	0.000000000255	1.0E+10	1E-30	1.0E+10	0.25	1E-30	9.8203384429166E-13	3.70218037296387E-02	1.0E+10	1E-30	1.0E-10	1.0E+10	1E-30	1.0E-10	1.0E+10	1E-30	1.0E-10	1.0E+10	1E-30	1.0E-10	1.0E+10	1E-30	1.0E-10	1.0E+10	1E-30	1.0E-10	1.0E+10	1E-30	1.0E-10	1.0E+10	1E-30	1.0E-10	1.0E+10	1E-30	1.0E-10	1.0E+10	1E-30	1.0E-10	1.0E+10	1E-30	1.0E-10	1.0E+10	1E-30	1.0E-10	1.0E+10	1E-30	1.0E-10	1.0E+10	1E-30	1.0E-10
37	0.0000000000016	1.0E+10	1.0E+10	1E-30	0.000000000178	1.0E+10	1E-30	1.0E+10	0.25	1E-30	4.11911213087606E-11	39.5981515735989	1.19405398739073E-11	1.96423092612736E-11	1.0E+10	1.0E+10	1E-30	1.0E-10	1.0E+10	1E-30	1.0E-10	1.0E+10	1E-30	1.0E-10	1.0E+10	1E-30	1.0E-10	1.0E+10	1E-30	1.0E-10	1.0E+10	1E-30	1.0E-10	1.0E+10	1E-30	1.0E-10	1.0E+10	1E-30	1.0E-10	1.0E+10	1E-30	1.0E-10	1.0E+10	1E-30	1.0E-10	1.0E+10	1E-30	1.0E-10	1.0E+10	1E-30	1.0E-10	1.0E+10	1E-30	1.0E-10
38	0.0000000000016	1.0E+10	1.0E+10	1E-30	0.000000000178	1.0E+10	1E-30	1.0E+10	0.25	1E-30	4.11911213087606E-11	39.5981515735989	1.19405398739073E-11	1.96423092612736E-11	1.0E+10	1.0E+10	1E-30	1.0E-10	1.0E+10	1E-30	1.0E-10	1.0E+10	1E-30	1.0E-10	1.0E+10	1E-30	1.0E-10	1.0E+10	1E-30	1.0E-10	1.0E+10	1E-30	1.0E-10	1.0E+10	1E-30	1.0E-10	1.0E+10	1E-30	1.0E-10	1.0E+10	1E-30	1.0E-10	1.0E+10	1E-30	1.0E-10	1.0E+10	1E-30	1.0E-10	1.0E+10	1E-30	1.0E-10	1.0E+10	1E-30	1.0E-10
39	0.0000000000016	1.0E+10	1.0E+10	1E-30	0.000000000178	1.0E+10	1E-30	1.0E+10	0.25	1E-30	4.11911213087606E-11	39.5981515735989	1.19405398739073E-11	1.96423092612736E-11	1.0E+10	1.0E+10	1E-30	1.0E-10	1.0E+10	1E-30	1.0E-10	1.0E+10	1E-30	1.0E-10	1.0E+10	1E-30	1.0E-10	1.0E+10	1E-30	1.0E-10	1.0E+10	1E-30	1.0E-10	1.0E+10	1E-30	1.0E-10	1.0E+10	1E-30	1.0E-10	1.0E+10	1E-30	1.0E-10	1.0E+10	1E-30	1.0E-10	1.0E+10	1E-30	1.0E-10	1.0E+10	1E-30	1.0E-10	1.0E+10	1E-30	1.0E-10
40	0.0000000000016	1.0E+10	1.0E+10	1E-30	0.000000000178	1.0E+10	1E-30	1.0E+10	0.25	1E-30	4.11911213087606E-11	39.5981515735989	1.19405398739073E-11	1.96423092612736E-11	1.0E+10	1.0E+10	1E-30	1.0E-10	1.0E+10	1E-30	1.0E-10	1.0E+10	1E-30	1.0E-10	1.0E+10	1E-30	1.0E-10	1.0E+10	1E-30	1.0E-10	1.0E+10	1E-30	1.0E-10	1.0E+10	1E-30	1.0E-10	1.0E+10	1E-30	1.0E-10	1.0E+10	1E-30	1.0E-10	1.0E+10	1E-30	1.0E-10	1.0E+10	1E-30	1.0E-10	1.0E+10	1E-30	1.0E-10	1.0E+10	1E-30	1.0E-10
41	0.0000000000018	1.0E+10	1.0E+10	1E-30	0.000000000195	1.0E+10	1E-30	1.0E+10	0.22	1E-30	1.16959731389725E-11	2.74844995009048	1.21789835577265E-11	1.97577464152221E-11	1.0E+10	1.0E+10	1E-30	1.0E-10	1.0E+10	1E-30	1.0E-10	1.0E+10	1E-30	1.0E-10	1.0E+10	1E-30	1.0E-10	1.0E+10	1E-30	1.0E-10	1.0E+10	1E-30	1.0E-10	1.0E+10	1E-30	1.0E-10	1.0E+10	1E-30	1.0E-10	1.0E+10	1E-30	1.0E-10	1.0E+10	1E-30	1.0E-10	1.0E+10	1E-30	1.0E-10	1.0E+10	1E-30	1.0E-10	1.0E+10	1E-30	1.0E-10
42	0.0000000000018	1.0E+10	1.0E+10	1E-30	0.000000000195	1.0E+10	1E-30	1.0E+10	0.22	1E-30	1.16959731389725E-11	2.74844995009048	1.21789835577265E-11	1.97577464152221E-11	1.0E+10	1.0E+10	1E-30	1.0E-10	1.0E+10	1E-30	1.0E-10	1.0E+10	1E-30	1.0E-10	1.0E+10	1E-30	1.0E-10	1.0E+10	1E-30	1.0E-10	1.0E+10	1E-30	1.0E-10	1.0E+10	1E-30	1.0E-10	1.0E+10	1E-30	1.0E-10	1.0E+10	1E-30	1.0E-10	1.0E+10	1E-30	1.0E-10	1.0E+10	1E-30	1.0E-10	1.0E+10	1E-30	1.0E-10	1.0E+10	1E-30	1.0E-10
43	0.0000000000018	1.0E+10	1.0E+10	1E-30	0.000000000195	1.0E+10	1E-30	1.0E+10	0.22	1E-30	1.16959731389725E-11	2.74844995009048	1.21789835577265E-11	1.97577464152221E-11	1.0E+10	1.0E+10	1E-30	1.0E-10	1.0E+10	1E-30	1.0E-10	1.0E+10	1E-30	1.0E-10	1.0E+10	1E-30	1.0E-10	1.0E+10	1E-30	1.0E-10	1.0E+10	1E-30	1.0E-10	1.0E+10	1E-30	1.0E-10	1.0E+10	1E-30	1.0E-10	1.0E+10	1E-30	1.0E-10	1.0E+10	1E-30	1.0E-10	1.0E+10	1E-30	1.0E-10	1.0E+10	1E-30	1.0E-10	1.0E+10	1E-30	1.0E-10
44	0.0000000000018	1.0E+10	1.0E+10	1E-30	0.000000000195	1.0E+10	1E-30	1.0E+10	0.22	1E-30	1.16959731389725E-11	2.74844995009048	1.21789835577265E-11	1.97577464152221E-11	1.0E+10	1.0E+10	1E-30	1.0E-10	1.0E+10	1E-30	1.0E-10	1.0E+10	1E-30	1.0E-10	1.0E+10	1E-30	1.0E-10	1.0E+10	1E-30	1.0E-10	1.0E+10	1E-30	1.0E-10	1.0E+10	1E-30	1.0E-10	1.0E+10	1E-30	1.0E-10	1.0E+10	1E-30	1.0E-10	1.0E+10	1E-30	1.0E-10	1.0E+10	1E-30	1.0E-10	1.0E+10	1E-30	1.0E-10	1.0E+10	1E-30	1.0E-10
45	0.000000000002	1.0E+10	1.0E+10	1E-30	0.000000000238	1.0E+10	1E-30	1.0E+10	0.185	1E-30	3.20999479817573E-12	0.151267441140155	4.11870883684356E-11	6.02946807494677E-12	1.0E+10	1.0E+10	1E-30	1.0E-10	1.0E+10	1E-30	1.0E-10	1.0E+10	1E-30	1.0E-10	1.0E+10	1E-30	1.0E-10	1.0E+10	1E-30	1.0E-10	1.0E+10	1E-30	1.0E-10	1.0E+10	1E-30	1.0E-10	1.0E+10	1E-30	1.0E-10	1.0E+10	1E-30	1.0E-10	1.0E+10	1E-30	1.0E-10	1.0E+10	1E-30	1.0E-10	1.0E+10	1E-30	1.0E-10	1.0E+10	1E-30	1.0E-10
46	0.000000000002	1.0E+10	1.0E+10	1E-30	0.000000000238	1.0E+10	1E-30	1.0E+10	0.185	1E-30	3.20999479817573E-12	0.151267441140155	4.11870883684356E-11	6.02946807494677E-12	1.0E+10	1.0E+10	1E-30	1.0E-10	1.0E+10	1E-30	1.0E-10	1.0E+10	1E-30	1.0E-10	1.0E+10	1E-30	1.0E-10	1.0E+10	1E-30	1.0E-10	1.0E+10	1E-30	1.0E-10	1.0E+10	1E-30	1.0E-10	1.0E+10	1E-30	1.0E-10	1.0E+10	1E-30	1.0E-10	1.0E+10	1E-30	1.0E-10	1.0E+10	1E-30	1.0E-10	1.0E+10	1E-30	1.0E-10	1.0E+10	1E-30	1.0E-10
47	0.000000000002	1.0E+10	1.0E+10	1E-30	0.000000000238	1.0E+10	1E-30	1.0E+10	0.185	1E-30	3.20999479817573E-12	0.151267441140155	4.11870883684356E-11	6.02946807494677E-12	1.0E+10	1.0E+10	1E-30	1.0E-10	1.0E+10	1E-30	1.0E-10	1.0E+10	1E-30	1.0E-10	1.0E+10	1E-30	1.0E-10	1.0E+10	1E-30	1.0E-10	1.0E+10	1E-30	1.0E-10	1.0E+10	1E-30	1.0E-10	1.0E+10	1E-30	1.0E-10	1.0E+10	1E-30	1.0E-10	1.0E+10	1E-30	1.0E-10	1.0E+10	1E-30	1.0E-10	1.0E+10	1E-30	1.0E-10	1.0E+10	1E-30	1.0E-10
48	0.000000000002	1.0E+10	1.0E+10	1E-30	0.000000000238	1.0E+10	1E-30	1.0E+10	0.185	1E-30	3.20999479817573E-12	0.151267441140155	4.11870883684356E-11	6.02946807494677E-12	1.0E+10	1.0E+10	1E-30	1.0E-10	1.0E+10	1E-30	1.0E-10	1.0E+10	1E-30	1.0E-10	1.0E+10	1E-30	1.0E-10	1.0E+10	1E-30	1.0E-10	1.0E+10	1E-30	1.0E-10	1.0E+10	1E-30	1.0E-10	1.0E+10	1E-30	1.0E-10	1.0E+10	1E-30	1.0E-10	1.0E+10	1E-30	1.0E-10	1.0E+10	1E-30	1.0E-10	1.0E+10	1E-30	1.0E-10	1.0E+10	1E-30	1.0E-10
49	0.0000000000022	1.0E+10	1.0E+10	1E-30	0.000000000224	1.0E+10	1E-30	1.0E+10	0.165	4.39348830265406E-11	5.65237044713371E-12	1.0E+10	5.56090163218034E-10	7.11729679432758E-13	0.133561626672934	1.0E+10	1E-30	1.0E-10	1.0E+10	1E-30	1.0E-10	1.0E+10	1E-30	1.0E-10	1.0E+10	1E-30	1.0E-10	1.0E+10	1E-30	1.0E-10	1.0E+10	1E-30	1.0E-10	1.0E+10	1E-30	1.0E-10	1.0E+10	1E-30	1.0E-10	1.0E+10	1E-30	1.0E-10	1.0E+10	1E-30	1.0E-10	1.0E+10	1E-30	1.0E-10	1.0E+10	1E-30	1.0E-10	1.0E+10	1E-30	1.0E-10
50	0.0000000000022	1.0E+10	1.0E+10	1E-30	0.000000000224	1.0E+10	1E-30	1.0E+10	0.165	4.39348830265406E-11	5.65237044713371E-12	1.0E+10	5.56090163218034E-10	7.11729679432758E-13	0.133561626672934	1.0E+10	1E-30	1.0E-10	1.0E+10	1E-30	1.0E-10	1.0E+10	1E-30	1.0E-10	1.0E+10	1E-30	1.0E-10	1.0E+10	1E-30	1.0E-10	1.0E+10	1E-30	1.0E-10	1.0E+10	1E-30	1.0E-10	1.0E+10	1E-30	1.0E-10	1.0E+10	1E-30	1.0E-10	1.0E+10	1E-30	1.0E-10	1.0E+10	1E-30	1.0E-10	1.0E+10	1E-30	1.0E-10	1.0E+10	1E-30	1.0E-10
51	0.0000000000022	1.0E+10	1.0E+10	1E-30	0.000000000224	1.0E+10	1E-30	1.0E+10	0.165	4.39348830265406E-11	5.65237044713371E-12	1.0E+10	5.56090163218034E-10	7.11729679432758E-13	0.133561626672934	1.0E+10	1E-30	1.0E-10	1.0E+10	1E-30	1.0E-10	1.0E+10	1E-30	1.0E-10	1.0E+10	1E-30	1.0E-10	1.0E+10	1E-30	1.0E-10	1.0E+10	1E-30	1.0E-10	1.0E+10	1E-30	1.0E-10	1.0E+10	1E-30	1.0E-10	1.0E+10	1E-30	1.0E-10	1.0E+10	1E-30	1.0E-10	1.0E+10	1E-30	1.0E-10	1.0E+10	1E-30	1.0E-10	1.0E+10	1E-30	1.0E-10
52	0.0000000000022	1.0E+10	1.0E+10	1E-30	0.000000000224	1.0E+10	1E-30	1.0E+10	0.165	4.39348830265406E-11	5.65237044713371E-12	1.0E+10	5.56090163218034E-10	7.11729679432758E-13	0.133561626672934	1.0E+10	1E-30	1.0E-10	1.0E+10	1E-30	1.0E-10	1.0E+10	1E-30	1.0E-10	1.0E+10	1E-30	1.0E-10	1.0E+10	1E-30	1.0E-10	1.0E+10	1E-30	1.0E-10	1.0E+10	1E-30	1.0E-10	1.0E+10	1E-30	1.0E-10	1.0E+10	1E-30	1.0E-10	1.0E+10	1E-30	1.0E-10	1.0E+10	1E-30	1.0E-10	1.0E+10	1E-30	1.0E-10	1.0E+10	1E-30	1.0E-10
53	0.0000000000024	1.0E+10	1.0E+10	1E-30	0.00000000017	1.0E+10	1E-30	1.0E+10	0.16	1E-30	5.02322276310516E-12	0.378742073517989	3.80848800058727E-12	6.35834359760854E-11	1.0E+10	1.04675065612638E-10	3.02487222748946E-12	0.760233309434294	1.0E+10	1E-30	1.0E-10	1.0E+10	1E-30	1.0E-10	1.0E+10	1E-30	1.0E-10	1.0E+10	1E-30	1.0E-10	1.0E+10	1E-30	1.0E-10	1.0E+10	1E-30	1.0E-10	1.0E+10	1E-30	1.0E-10	1.0E+10	1E-30	1.0E-10	1.0E+10	1E-30	1.0E-10	1.0E+10	1E-30	1.0E-10	1.0E+10	1E-30	1.0E-10	1.0E+10	1E-30	1.0E-10
54	0.0000000000024	1.0E+10	1.0E+10	1E-30	0.00000000017	1.0E+10	1E-30	1.0E+10	0.16	1E-30	5.02322276310516E-12	0.378742073517989	3.80848800058727E-12	6.35834359760854E-11	1.0E+10	1.04675065612638E-10	3.02487222748946E-12	0.760233309434294	1.0E+10	1E-30	1.0E-10	1.0E+10	1E-30	1.0E-10	1.0E+10	1E-30	1.0E-10	1.0E+10	1E-30	1.0E-10	1.0E+10	1E-30	1.0E-10	1.0E+10	1E-30	1.0E-10	1.0E+10	1E-30	1.0E-10	1.0E+10	1E-30	1.0E-10	1.0E+10	1E-30	1.0E-10	1.0E+10	1E-30	1.0E-10	1.0E+10	1E-30	1.0E-10	1.0E+10	1E-30	1.0E-10
55	0.0000000000024	1.0E+10	1.0E+10	1E-30	0.00000000017	1.0E+10	1E-30	1.0E+10	0.16	1E-30	5.02322276310516E-12	0.378742073517989	3.80848800058727E-12	6.35834359760854E-11	1.0E+10	1.04675065612638E-10	3.02487222748946E-12	0.760233309434294	1.0E+10	1E-30	1.0E-10	1.0E+10	1E-30	1.0E-10	1.0E+10	1E-30	1.0E-10	1.0E+10	1E-30	1.0E-10	1.0E+10	1E-30	1.0E-10	1.0E+10	1E-30	1.0E-10	1.0E+10	1E-30	1.0E-10	1.0E+10	1E-30	1.0E-10	1.0E+10	1E-30	1.0E-10	1.0E+10	1E-30	1.0E-10	1.0E+10	1E-30	1.0E-10	1.0E+10	1E-30	1.0E-10
56	0.0000000000024	1.0E+10	1.0E+10	1E-30	0.00000000017	1.0E+10	1E-30	1.0E+10	0.16	1E-30	5.02322276310516E-12	0.378742073517989	3.80848800058727E-12	6.35834359760854E-11	1.0E+10	1.04675065612638E-10	3.02487222748946E-12	0.760233309434294	1.0E+10	1E-30	1.0E-10	1.0E+10	1E-30	1.0E-10	1.0E+10	1E-30	1.0E-10	1.0E+10	1E-30	1.0E-10	1.0E+10	1E-30	1.0E-10	1.0E+10	1E-30	1.0E-10	1.0E+10	1E-30	1.0E-10	1.0E+10	1E-30	1.0E-10	1.0E+10	1E-30	1.0E-10	1.0E+10	1E-30	1.0E-10	1.0E+10	1E-30	1.0E-10	1.0E+10	1E-30	1.0E-10
57	0.0000000000027	1.0E+10	1.0E+10	1E-30	0.000000000138	1.0E+10	1E-30	1.0E+10	0.14	4.97385874230467E-12	5.65853891156982E-11	1.0E+10	8.84491058988249E-12	2.8710047550436E-11	17.9939572564984	1.0E+10	1E-30	1.0E-10	1.0E+10	1E-30	1.0E-10	1.0E+10	1E-30	1.0E-10	1.0E+10	1E-30	1.0E-10	1.0E+10	1E-30	1.0E-10	1.0E+10	1E-30	1.0E-10	1.0E+10	1E-30	1.0E-10	1.0E+10	1E-30	1.0E-10	1.0E+10	1E-30	1.0E-10	1.0E+10	1E-30	1.0E-10	1.0E+10	1E-30	1.0E-10	1.0E+10	1E-30	1.0E-10	1.0E+10	1E-30	1.0E-10
58	0.0000000000027	1.0E+10	1.0E+10	1E-30	0.000000000138	1.0E+10	1E-30	1.0E+10	0.14	4.97385874230467E-12	5.65853891156982E-11	1.0E+10	8.84491058988249E-12	2.8710047550436E-11	17.9939572564984	1.0E+10	1E-30	1.0E-10	1.0E+10	1E-30	1.0E-10	1.0E+10	1E-30	1.0E-10	1.0E+10	1E-30	1.0E-10	1.0E+10	1E-30	1.0E-10	1.0E+10	1E-30	1.0E-10	1.0E+10	1E-30	1.0E-10	1.0E+10	1E-30	1.0E-10	1.0E+10	1E-30	1.0E-10	1.0E+10	1E-30	1.0E-10	1.0E+10	1E-30	1.0E-10	1.0E+10	1E-30	1.0E-10	1.0E+10	1E-30	1.0E-10
59	0.0000000000027	1.0E+10	1.0E+10	1E-30	0.000000000138	1.0E+10	1E-30	1.0E+10	0.14	4.97385874230467E-12	5.65853891156982E-11	1.0E+10	8.84491058988249E-12	2.8710047550436E-11	17.9939572564984	1.0E+10	1E-30	1.0E-10	1.0E+10	1E-30	1.0E-10	1.0E+10	1E-30	1.0E-10	1.0E+10	1E-30	1.0E-10	1.0E+10	1E-30	1.0E-10	1.0E+10	1E-30	1.0E-10	1.0E+10	1E-30	1.0E-10	1.0E+10	1E-30	1.0E-10	1.0E+10	1E-30	1.0E-10	1.0E+10	1E-30	1.0E-10	1.0E+10	1E-30	1.0E-10	1.0E+10	1E-30	1.0E-10	1.0E+10	1E-30	1.0E-10
60	0.0000000000027	1.0E+10	1.0E+10	1E-30	0.000000000138	1.0E+10	1E-30	1.0E+10	0.14	4.97385874230467E-12	5.65853891156982E-11	1.0E+10	8.84491058988249E-12	2.8710047550436E-11	17.9939572564984	1.0E+10	1E-30	1.0E-10	1.0E+10	1E-30	1.0E-10	1.0E+10	1E-30	1.0E-10	1.0E+10	1E-30	1.0E-10	1.0E+10	1E-30	1.0E-10	1.0E+10	1E-30	1.0E-10	1.0E+10	1E-30	1.0E-10	1.0E+10	1E-30	1.0E-10	1.0E+10	1E-30	1.0E-10	1.0E+10	1E-30	1.0E-10	1.0E+10	1E-30	1.0E-10	1.0E+10	1E-30	1.0E-10	1.0E+10	1E-30	1.0E-10
61	0.000000000003	1.0E+10	1.0E+10	1E-30	0.00000000025	1.0E+10	1E-30	1.0E+10	0.135	1E-30	4.80083121643133E-12	0.228747550556756	1.37507738638334E-11	1.70598006247966E-11	1.0E+10	6.30512961031218E-10	6.27720440441961E-13	0.117796637605583	1.0E+10	1E-30	1.0E-10	1.0E+10	1E-30	1.0E-10	1.0E+10	1E-30	1.0E-10	1.0E+10	1E-30	1.0E-10	1.0E+10	1E-30	1.0E-10	1.0E+10	1E-30	1.0E-10	1.0E+10	1E-30	1.0E-10	1.0E+10	1E-30	1.0E-10	1.0E+10	1E-30	1.0E-10	1.0E+10	1E-30	1.0E-10	1.0E+10	1E-30	1.0E-10	1.0E+10	1E-30	1.0E-10
62	0.000000000003	1.0E+10	1.0E+10	1E-30	0.00000000025	1.0E+10	1E-30	1.0E+10	0.135	1E-30	4.80083121643133E-12	0.228747550556756	1.37507738638334E-11	1.70598006247966E-11	1.0E+10	6.30512961031218E-10	6.27720440441961E-13	0.117796637605583	1.0E+10	1E-30	1.0E-10	1.0E+10	1E-30	1.0E-10	1.0E+10	1E-30	1.0E-10	1.0E+10	1E-30	1.0E-10	1.0E+10	1E-30	1.0E-10	1.0E+10	1E-30	1.0E-10	1.0E+10	1E-30	1.0E-10	1.0E+10	1E-30	1.0E-10	1.0E+10	1E-30	1.0E-10	1.0E+10	1E-30	1.0E-10	1.0E+10	1E-30	1.0E-10	1.0E+10	1E-30	1.0E-10
63	0.000000000003	1.0E+10	1.0E+10	1E-30	0.00000000025	1.0E+10	1E-30	1.0E+10	0.135	1E-30	4.80083121643133E-12	0.228747550556756	1.37507738638334E-11	1.70598006247966E-11	1.0E+10	6.30512961031218E-10	6.27720440441961E-13	0.117796637605583	1.0E+10	1E-30	1.0E-10	1.0E+10	1E-30	1.0E-10	1.0E+10	1E-30	1.0E-10	1.0E+10	1E-30	1.0E-10	1.0E+10	1E-30	1.0E-10	1.0E+10	1E-30	1.0E-10	1.0E+10	1E-30	1.0E-10	1.0E+10	1E-30	1.0E-10	1.0E+10	1E-30	1.0E-10	1.0E+10	1E-30	1.0E-10	1.0E+10	1E-30	1.0E-10	1.0E+10	1E-30	1.0E-10
64	0.000000000003	1.0E+10	1.0E+10	1E-30	0.00000000025	1.0E+10	1E-30	1.0E+10	0.135	1E-30	4.80083121643133E-12	0.228747550556756	1.37507738638334E-11	1.70598006247966E-11	1.0E+10	6.30512961031218E-10	6.27720440441961E-13	0.117796637605583	1.0E+10	1E-30	1.0E-10	1.0E+10	1E-30	1.0E-10	1.0E+10	1E-30	1.0E-10	1.0E+10	1E-30	1.0E-10	1.0E+10	1E-30	1.0E-10	1.0E+10	1E-30	1.0E-10	1.0E+10	1E-30	1.0E-10	1.0E+10	1E-30	1.0E-10	1.0E+10	1E-30	1.0E-10	1.0E+10	1E-30	1.0E-10	1.0E+10	1E-30	1.0E-10	1.0E+10	1E-30	1.0E-10
65	0.0000000000033	1.0E+10	1.0E+10	1E-30	0.000000000222	1.0E+10	1E-30	1.0E+10	0.12	1E-30	5.24145584794175E-12	0.197598230232109	7.78169660553183E-12	2.94580293700545E-11	1.0E+10	4.41892177156882E-10	8.5250364631642E-13	0.138221952795083	1.0E+10	1E-30	1.0E-10	1.0E+10	1E-30	1.0E-10	1.0E+10	1E-30	1.0E-10	1.0E+10	1E-30	1.0E-10	1.0E+10	1E-30	1.0E-10	1.0E+10	1E-30	1.0E-10	1.0E+10	1E-30	1.0E-10	1.0E+10	1E-30	1.0E-10	1.0E+10	1E-30	1.0E-10	1.0E+10	1E-30	1.0E-10	1.0E+10	1E-30	1.0E-10	1.0E+10	1E-30	1.0E-10
66	0.0000000000033	1.0E+10	1.0E+10	1E-30	0.000000000222	1.0E+10	1E-30	1.0E+10	0.12	1E-30	5.24145584794175E-12	0.197598230232109	7.78169660553183E-12	2.94580293700545E-11	1.0E+10	4.41892177156882E-10	8.5250364631642E-13	0.138221952795083	1.0E+10	1E-30	1.0E-10	1.0E+10	1E-30	1.0E-10	1.0E+10	1E-30	1.0E-10	1.0E+10	1E-30	1.0E-10	1.0E+10	1E-30	1.0E-10	1.0E+10	1E-30	1.0E-10	1.0E+10	1E-30	1.0E-10	1.0E+10	1E-30	1.0E-10	1.0E+10	1E-30	1.0E-10	1.0E+10	1E-30	1.0E-10	1.0E+10	1E-30	1.0E-10	1.0E+10	1E-30	1.0E-10
67	0.0000000000033	1.0E+10	1.0E+10	1E-30	0.000000000222	1.0E+10	1E-30	1.0E+10	0.12	1E-30	5.24145584794175E-12	0.197598230232109	7.78169660553183E-12	2.94580293700545E-11	1.0E+10	4.41892177156882E-10	8.5250364631642E-13	0.138221952795083	1.0E+10	1E-30	1.0E-10	1.0E+10	1E-30	1.0E-10	1.0E+10	1E-30	1.0E-10	1.0E+10	1E-30	1.0E-10	1.0E+10	1E-30	1.0E-10	1.0E+10	1E-30	1.0E-10	1.0E+10	1E-30	1.0E-10	1.0E+10	1E-30	1.0E-10	1.0E+10	1E-30	1.0E-10	1.0E+10	1E-30	1.0E-10	1.0E+10	1E-30	1.0E-10	1.0E+10	1E-30	1.0E-10
68	0.0000000000033	1.0E+10	1.0E+10	1E-30	0.000000000222	1.0E+10	1E-30	1.0E+10	0.12	1E-30	5.24145584794175E-12	0.197598230232109	7.78169660553183E-12	2.94580293700545E-11	1.0E+10	4.41892177156882E-10	8.5250364631642E-13	0.138221952795083	1.0E+10	1E-30	1.0E-10	1.0E+10	1E-30	1.0E-10	1.0E+10	1E-30	1.0E-10	1.0E+10	1E-30	1.0E-10	1.0E+10	1E-30	1.0E-10	1.0E+10	1E-30	1.0E-10	1.0E+10	1E-30	1.0E-10	1.0E+10	1E-30	1.0E-10	1.0E+10	1E-30	1.0E-10	1.0E+10	1E-30	1.0E-10	1.0E+10	1E-30	1.0E-10	1.0E+10	1E-30	1.0E-10
69	0.0000000000036	1.0E+10	1.0E+10	1E-30	0.000000000175	1.0E+10	1E-30	1.0E+10	0.13	1E-30	2.59988628212623E-12	4.90067018645798E-02	2.72690745141731E-12	6.88075502754458E-11	1.0E+10	3.1688982334155E-11	6.26933946439378E-12	0.772677885395542	1.0E+10	1E-30	1.0E-10	1.0E+10	1E-30	1.0E-10	1.0E+10	1E-30	1.0E-10	1.0E+10	1E-30	1.0E-10	1.0E+10	1E-30	1.0E-10	1.0E+10	1E-30	1.0E-10	1.0E+10	1E-30	1.0E-10	1.0E+10	1E-30	1.0E-10	1.0E+10	1E-30	1.0E-10	1.0E+10	1E-30	1.0E-10	1.0E+10	1E-30	1.0E-10	1.0E+10	1E-30	1.0E-10
70	0.0000000000036	1.0E+10	1.0E+10	1E-30	0.000000000175	1.0E+10	1E-30	1.0E+10	0.13	1E-30	2.59988628212623E-12	4.90067018645798E-02	2.72690745141731E-12	6.88075502754458E-11	1.0E+10	3.1688982334155E-11	6.26933946439378E-12	0.772677885395542	1.0E+10	1E-30	1.0E-10	1.0E+10	1E-30	1.0E-10	1.0E+10	1E-30	1.0E-10	1.0E+10	1E-30	1.0E-10	1.0E+10	1E-30	1.0E-10	1.0E+10	1E-30	1.0E-10	1.0E+10	1E-30	1.0E-10	1.0E+10	1E-30	1.0E-10	1.0E+10	1E-30	1.0E-10	1.0E+10	1E-30	1.0E-10	1.0E+10	1E-30	1.0E-10	1.0E+10	1E-30	1.0E-10
71	0.0000000000036	1.0E+10	1.0E+10	1E-30	0.000000000175	1.0E+10	1E-30	1.0E+10	0.13	1E-30	2.59988628212623E-12	4.90067018645798E-02	2.72690745141731E-12	6.88075502754458E-11	1.0E+10	3.1688982334155E-11	6.26933946439378E-12	0.772677885395542	1.0E+10	1E-30	1.0E-10	1.0E+10	1E-30	1.0E-10	1.0E+10	1E-30	1.0E-10	1.0E+10	1E-30	1.0E-10	1.0E+10	1E-30	1.0E-10	1.0E+10	1E-30	1.0E-10	1.0E+10	1E-30	1.0E-10	1.0E+10	1E-30	1.0E-10	1.0E+10	1E-30	1.0E-10	1.0E+10	1E-30	1.0E-10	1.0E+10	1E-30	1.0E-10	1.0E+10	1E-30	1.0E-10
72	0.0000000000036	1.0E+10	1.0E+10	1E-30	0.000000000175	1.0E+10	1E-30	1.0E+10	0.13	1E-30	2.59988628212623E-12	4.90067018645798E-02	2.72690745141731E-12	6.88075502754458E-11	1.0E+10	3.1688982334155E-11	6.26933946439378E-12	0.772677885395542	1.0E+10	1E-30	1.0E-10	1.0E+10	1E-30	1.0E-10	1.0E+10	1E-30	1.0E-10	1.0E+10	1E-30	1.0E-10	1.0E+10	1E-30	1.0E-10	1.0E+10	1E-30	1.0E-10	1.0E+10	1E-30	1.0E-10	1.0E+10	1E-30	1.0E-10	1.0E+10	1E-30	1.0E-10	1.0E+10	1E-30	1.0E-10	1.0E+10	1E-30	1.0E-10	1.0E+10	1E-30	1.0E-10
73	0.0000000000039	1.0E+10	1.0E+10	1E-30	0.000000000222	1.0E+10	1E-30	1.0E+10	0.103724586193063	1E-30	6.39948752886329E-12	0.301568745111246	1.08609453103893E-11	2.4913741787338E-11	1.0E+10	1.91736194620484E-10	2.06422096978761E-12	0.177872679334512	1.0E+10	1E-30	1.0E-10	1.0E+10	1E-30	1.0E-10	1.0E+10	1E-30	1.0E-10	1.0E+10	1E-30	1.0E-10	1.0E+10	1E-30	1.0E-10	1.0E+10	1E-30	1.0E-10	1.0E+10	1E-30	1.0E-10	1.0E+10	1E-30	1.0E-10	1.0E+10	1E-30	1.0E-10	1.0E+10	1E-30	1.0E-10	1.0E+10	1E-30	1.0E-10	1.0E+10	1E-30	1.0E-10
74	0.0000000000039	1.0E+10	1.0E+10	1E-30	0.000000000222	1.0E+10	1E-30	1.0E+10	0.103724586193063	1E-30	6.39948752886329E-12	0.301568745111246	1.08609453103893E-11	2.4913741787338E-11	1.0E+10	1.91736194620484E-10	2.06422096978761E-12	0.177872679334512	1.0E+10	1E-30	1.0E-10	1.0E+10	1E-30	1.0E-10	1.0E+10	1E-30	1.0E-10	1.0E+10	1E-30	1.0E-10	1.0E+10	1E-30	1.0E-10	1.0E+10	1E-30	1.0E-10	1.0E+10	1E-30	1.0E-10	1.0E+10	1E-30	1.0E-10	1.0E+10	1E-30	1.0E-10	1.0E+10	1E-30	1.0E-10	1.0E+10	1E-30	1.0E-10	1.0E+10	1E-30	1.0E-10
75	0.0000000000039	1.0E+10	1.0E+10	1E-30	0.000000000222	1.0E+10	1E-30	1.0E+10	0.103724586193063	1E-30	6.39948752886329E-12	0.301568745111246	1.08609453103893E-11	2.4913741787338E-11	1.0E+10	1.91736194620484E-10	2.06422096978761E-12	0.177872679334512	1.0E+10	1E-30	1.0E-10	1.0E+10	1E-30	1.0E-10	1.0E+10	1E-30	1.0E-10	1.0E+10	1E-30	1.0E-10	1.0E+10	1E-30	1.0E-10	1.0E+10	1E-30	1.0E-10	1.0E+10	1E-30	1.0E-10	1.0E+10	1E-30	1.0E-10	1.0E+10	1E-30	1.0E-10	1.0E+10	1E-30	1.0E-10	1.0E+10	1E-30	1.0E-10	1.0E+10	1E-30	1.0E-10
76	0.0000000000039	1.0E+10	1.0E+10	1E-30	0.000000000222	1.0E+10	1E-30	1.0E+10	0.103724586193063	1E-30	6.39948752886329E-12	0.301568745111246	1.08609453103893E-11	2.4913741787338E-11	1.0E+10	1.91736194620484E-10	2.06422096978761E-12	0.177872679334512	1.0E+10	1E-30	1.0E-10	1.0E+10	1E-30	1.0E-10	1.0E+10	1E-30	1.0E-10	1.0E+10	1E-30	1.0E-10	1.0E+10	1E-30	1.0E-10	1.0E+10	1E-30	1.0E-10	1.0E+10	1E-30	1.0E-10	1.0E+10	1E-30	1.0E-10	1.0E+10	1E-30	1.0E-10	1.0E+10	1E-30	1.0E-10	1.0E+10	1E-30	1.0E-10	1.0E+10	1E-30	1.0E-10
77	0.000000000004	1.0E+10	1.0E+10	1E-30	0.000000000196	1.0E+10	1E-30	1.0E+10	0.1	1E-30	6.2570820186118E-12	0.235886434830956	5.13119586173986E-12	4.83973407191846E-11	1.0E+10	1.4526834004008E-10	2.41341183389041E-12	0.386490345207704	1.0E+10	1E-30	1.0E-10	1.0E+10	1E-30	1.0E-10	1.0E+10	1E-30	1.0E-10	1.0E+10	1E-30	1.0E-10	1.0E+10	1E-30	1.0E-10	1.0E+10	1E-30	1.0E-10	1.0E+10	1E-30	1.0E-10	1.0E+10	1E-30	1.0E-10	1.0E+10	1E-30	1.0E-10	1.0E+10	1E-30	1.0E-10	1.0E+10	1E-30	1.0E-10	1.0E+10	1E-30	1.0E-10
78	0.000000000004	1.0E+10	1.0E+10	1E-30	0.000000000196	1.0E+10	1E-30	1.0E+10	0.1	1E-30	6.2570820186118E-12	0.235886434830956	5.13119586173986E-12	4.83973407191846E-11	1.0E+10	1.4526834004008E-10	2.41341183389041E-12	0.386490345207704	1.0E+10	1E-30	1.0E-10	1.0E+10	1E-30	1.0E-10	1.0E+10	1E-30	1.0E-10	1.0E+10	1E-30	1.0E-10	1.0E+10	1E-30	1.0E-10	1.0E+10	1E-30	1.0E-10	1.0E+10	1E-30	1.0E-10	1.0E+10	1E-30	1.0E-10	1.0E+10	1E-30	1.0E-10	1.0E+10	1E-30	1.0E-10	1.0E+10	1E-30	1.0E-10	1.0E+10	1E-30	1.0E-10
79	0.000000000004	1.0E+10	1.0E+10	1E-30	0.000000000196	1.0E+10	1E-30	1.0E+10	0.1	1E-30	6.2570820186118E-12	0.235886434830956	5.13119586173986E-12	4.83973407191846E-11	1.0E+10	1.4526834004008E-10	2.41341183389041E-12	0.386490345207704	1.0E+10	1E-30	1.0E-10	1.0E+10	1E-30	1.0E-10	1.0E+10	1E-30	1.0E-10	1.0E+10	1E-30	1.0E-10	1.0E+10	1E-30	1.0E-10	1.0E+10	1E-30	1.0E-10	1.0E+10	1E-30	1.0E-10	1.0E+10	1E-30	1.0E-10	1.0E+10	1E-30	1.0E-10	1.0E+10	1E-30	1.0E-10	1.0E+10	1E-30	1.0E-10	1.0E+10	1E-30	1.0E-10
80	0.0000000000043	1.0E+10	1.0E+10	1E-30	0.000000000162	1.0E+10	1E-30	1.0E+10	0.1	1E-30	8.78067715320263E-12	0.150465331843883	1E-30	5.4509672194263E-12	0.946140701075842	2.00683862718136E-12	8.31465961022862E-11	1.0E+10	1.0E+10	1E-30	1.0E-10	1.0E+10	1E-30	1.0E-10	1.0E+10	1E-30	1.0E-10	1.0E+10	1E-30	1.0E-10	1.0E+10	1E-30	1.0E-10	1.0E+10	1E-30	1.0E-10	1.0E+10	1E-30	1.0E-10	1.0E+10	1E-30	1.0E-10	1.0E+10	1E-30	1.0E-10	1.0E+10	1E-30	1.0E-10	1.0E+10	1E-30	1.0E-10	1.0E+10	1E-30	1.0E-10
81	0.0000000000043	1.0E+10	1.0E+10	1E-30	0.000000000162	1.0E+10	1E-30	1.0E+10	0.1	1E-30	8.78067715320263E-12	0.150465331843883	1E-30	5.4509672194263E-12	0.946140701075842	2.00683862718136E-12	8.31465961022862E-11	1.0E+10	1.0E+10	1E-30	1.0E-10	1.0E+10	1E-30	1.0E-10	1.0E+10	1E-30	1.0E-10	1.0E+10	1E-30	1.0E-10	1.0E+10	1E-30	1.0E-10	1.0E+10	1E-30	1.0E-10	1.0E+10	1E-30	1.0E-10	1.0E+10	1E-30	1.0E-10	1.0E+10	1E-30	1.0E-10	1.0E+10	1E-30	1.0E-10	1.0E+10	1E-30	1.0E-10	1.0E+10	1E-30	1.0E-10
82	0.0000000000043	1.0E+10	1.0E+10	1E-30	0.000000000162	1.0E+10	1E-30	1.0E+10	0.1	1E-30	8.78067715320263E-12	0.150465331843883	1E-30	5.4509672194263E-12	0.946140701075842	2.00683862718136E-12	8.31465961022862E-11	1.0E+10	1.0E+10	1E-30	1.0E-10	1.0E+10	1E-30	1.0E-10	1.0E+10	1E-30	1.0E-10	1.0E+10	1E-30	1.0E-10	1.0E+10	1E-30	1.0E-10	1.0E+10	1E-30	1.0E-10	1.0E+10	1E-30	1.0E-10	1.0E+10	1E-30	1.0E-10	1.0E+10	1E-30	1.0E-10	1.0E+10	1E-30	1.0E-10	1.0E+10	1E-30	1.0E-10	1.0E+10	1E-30	1.0E-10
83	0.0000000000043	1.0E+10	1.0E+10	1E-30	0.000000000162	1.0E+10	1E-30	1.0E+10	0.1	1E-30	8.78067715320263E-12	0.150465331843883	1E-30	5.4509672194263E-12	0.946140701075842	2.00683862718136E-12	8.31465961022862E-11	1.0E+10	1.0E+10	1E-30	1.0E-10	1.0E+10	1E-30	1.0E-10	1.0E+10	1E-30	1.0E-10	1.0E+10	1E-30	1.0E-10	1.0E+10	1E-30	1.0E-10	1.0E+10	1E-30	1.0E-10	1.0E+10	1E-30	1.0E-10	1.0E+10	1E-30	1.0E-10	1.0E+10	1E-30	1.0E-10	1.0E+10	1E-30	1.0E-10	1.0E+10	1E-30	1.0E-10	1.0E+10	1E-30	1.0E-10
84	0.0000000000047	1.0E+10	1.0E+10	1E-30	0.00000000019	1.0E+10	1E-30	1.0E+10	0.1	1E-30	5.69937624760466E-12	0.214861422594228	4.83807225280111E-12	5.13295836526035E-11	1.0E+10	1.9325008661302E-10	1.81418977391922E-12	0.267735616786359	1.0E+10	1E-30	1.0E-10	1.0E+10	1E-30	1.0E-10	1.0E+10	1E-30	1.0E-10	1.0E+10	1E-30	1.0E-10	1.0E+10	1E-30	1.0E-10	1.0E+10	1E-30	1.0E-10	1.0E+10	1E-30	1.0E-10	1.0E+10	1E-30	1.0E-10	1.0E+10	1E-30	1.0E-10	1.0E+10	1E-30	1.0E-10	1.0E+10	1E-30	1.0E-10	1.0E+10	1E-30	1.0E-10
85	0.0000000000047	1.0E+10	1.0E+10	1E-30	0.00000000019	1.0E+10	1E-30	1.0E+10	0.1	1E-30	5.69937624760466E-12	0.214861422594228	4.83807225280111E-12	5.13295836526035E-11	1.0E+10	1.9325008661302E-10	1.81418977391922E-12	0.267735616786359	1.0E+10	1E-30	1.0E-10	1.0E+10	1E-30	1.0E-10	1.0E+10	1E-30	1.0E-10	1.0E+10	1E-30	1.0E-10	1.0E+10	1E-30	1.0E-10	1.0E+10	1E-30	1.0E-10	1.0E+10	1E-30	1.0E-10	1.0E+10	1E-30	1.0E-10	1.0E+10	1E-30	1.0E-10	1.0E+10	1E-30	1.0E-10	1.0E+10	1E-30	1.0E-10	1.0E+10	1E-30	1.0E-10
86	0.0000000000047	1.0E+10	1.0E+10	1E-30	0.00000000019	1.0E+10	1E-30	1.0E+10	0.1	1E-30	5.69937624760466E-12	0.214861422594228	4.83807225280111E-12	5.13295836526035E-11	1.0E+10	1.9325008661302E-10	1.81418977391922E-12	0.267735616786359	1.0E+10	1E-30	1.0E-10	1.0E+10	1E-30	1.0E-10	1.0E+10	1E-30	1.0E-10	1.0E+10	1E-30	1.0E-10	1.0E+10	1E-30	1.0E-10	1.0E+10	1E-30	1.0E-10	1.0E+10	1E-30	1.0E-10	1.0E+10	1E-30	1.0E-10	1.0E+10	1E-30	1.0E-10	1.0E+10	1E-30	1.0E-10	1.0E+10	1E-30	1.0E-10	1.0E+10	1E-30	1.0E-10
87	0.0000000000047	1.0E+10	1.0E+10	1E-30	0.00000000019	1.0E+10	1E-30	1.0E+10	0.1	1E-30	5.69937624760466E-12	0.214861422594228	4.83807225280111E-12	5.13295836526035E-11	1.0E+10	1.9325008661302E-10	1.81418977391922E-12	0.267735616786359	1.0E+10	1E-30	1.0E-10	1.0E+10	1E-30	1.0E-10	1.0E+10	1E-30	1.0E-10	1.0E+10	1E-30	1.0E-10	1.0E+10	1E-30	1.0E-10	1.0E+10	1E-30	1.0E-10	1.0E+10	1E-30	1.0E-10	1.0E+10	1E-30	1.0E-10	1.0E+10	1E-30	1.0E-10	1.0E+10	1E-30	1.0E-10	1.0E+10	1E-30	1.0E-10	1.0E+10	1E-30	1.0E-10
88	0.000000000005	1.0E+10	1.0E+10	1E-30	0.000000000201	1.0E+10	1E-30	1.0E+10	0.1	1E-30	4.35035662585605E-12	0.182227312217134	6.36429256004937E-12	3.90202417746125E-11	1.0E+10	1.76958480713996E-10	1.98121236986081E-12	0.235135017440114	1.0E+10	1E-30	1.0E-10	1.0E+10	1E-30	1.0E-10	1.0E+10	1E-30	1.0E-10	1.0E+10	1E-30	1.0E-10	1.0E+10	1E-30	1.0E-10	1.0E+10	1E-30	1.0E-10	1.0E+10	1E-30	1.0E-10	1.0E+10	1E-30	1.0E-10	1.0E+10	1E-30	1.0E-10	1.0E+10	1E-30	1.0E-10	1.0E+10	1E-30	1.0E-10	1.0E+10	1E-30	1.0E-10
89	0.000000000005	1.0E+10	1.0E+10	1E-30	0.000000000201	1.0E+10	1E-30	1.0E+10	0.1	1E-30	4.35035662585605E-12	0.182227312217134	6.36429256004937E-12	3.90202417746125E-11	1.0E+10	1.76958480713996E-10	1.98121236986081E-12	0.235135017440114	1.0E+10	1E-30	1.0E-10	1.0E+10	1E-30	1.0E-10	1.0E+10	1E-30	1.0E-10	1.0E+10	1E-30	1.0E-10	1.0E+10	1E-30	1.0E-10	1.0E+10	1E-30	1.0E-10	1.0E+10	1E-30	1.0E-10	1.0E+10	1E-30	1.0E-10	1.0E+10	1E-30	1.0E-10	1.0E+10	1E-30	1.0E-10	1.0E+10	1E-30	1.0E-10	1.0E+10	1E-30	1.0E-10
90	0.000000000005	1.0E+10	1.0E+10	1E-30	0.000000000201	1.0E+10	1E-30	1.0E+10	0.1	1E-30	4.35035662585605E-12	0.182227312217134	6.36429256004937E-12	3.90202417746125E-11	1.0E+10	1.76958480713996E-10	1.98121236986081E-12	0.235135017440114	1.0E+10	1E-30	1.0E-10	1.0E+10	1E-30	1.0E-10	1.0E+10	1E-30	1.0E-10	1.0E+10	1E-30	1.0E-10	1.0E+10	1E-30	1.0E-10	1.0E+10	1E-30	1.0E-10	1.0E+10	1E-30	1.0E-10	1.0E+10	1E-30	1.0E-10	1.0E+10	1E-30	1.0E-10	1.0E+10	1E-30	1.0E-10	1.0E+10	1E-30	1.0E-10	1.0E+10	1E-30	1.0E-10
91	0.0000000000051	1.0E+10	1.0E+10	1E-30	0.000000000175	1.0E+10	1E-30	1.0E+10	0.1	1E-30	8.09760837370347E-12	0.267113563273977	3.49747406538944E-12	6.4059761577886E-11	1.0E+10	1.0E+10	1E-30	1.0E-10	1.0E+10	1E-30	1.0E-10	1.0E+10	1E-30	1.0E-10	1.0E+10	1E-30	1.0E-10	1.0E+10	1E-30	1.0E-10	1.0E+10	1E-30	1.0E-10	1.0E+10	1E-30	1.0E-10	1.0E+10	1E-30	1.0E-10	1.0E+10	1E-30	1.0E-10	1.0E+10	1E-30	1.0E-10	1.0E+10	1E-30	1.0E-10	1.0E+10	1E-30	1.0E-10	1.0E+10	1E-30	1.0E-10
92	0.0000000000051	1.0E+10	1.0E+10	1E-30	0.000000000175	1.0E+10	1E-30	1.0E+10	0.1	1E-30	8.09760837370347E-12	0.267113563273977	3.49747406538944E-12	6.4059761577886E-11	1.0E+10	1.0E+10	1E-30	1.0E-10	1.0E+10	1E-30	1.0E-10	1.0E+10	1E-30	1.0E-10	1.0E+10	1E-30	1.0E-10	1.0E+10	1E-30	1.0E-10	1.0E+10	1E-30	1.0E-10	1.0E+10	1E-30	1.0E-10	1.0E+10	1E-30	1.0E-10	1.0E+10	1E-30	1.0E-10	1.0E+10	1E-30	1.0E-10	1.0E+10	1E-30	1.0E-10	1.0E+10	1E-30	1.0E-10	1.0E+10	1E-30	1.0E-10
93	0.0000000000051	1.0E+10	1.0E+10	1E-30	0.000000000175	1.0E+10	1E-30	1.0E+10	0.1	1E-30	8.09760837370347E-12	0.267113563273977	3.49747406538944E-12	6.4059761577886E-11	1.0E+10	1.0E+10	1E-30	1.0E-10	1.0E+10	1E-30	1.0E-10	1.0E+10	1E-30	1.0E-10	1.0E+10	1E-30	1.0E-10	1.0E+10	1E-30	1.0E-10	1.0E+10	1E-30	1.0E-10	1.0E+10	1E-30	1.0E-10	1.0E+10	1E-30	1.0E-10	1.0E+10	1E-30	1.0E-10	1.0E+10	1E-30	1.0E-10	1.0E+10	1E-30	1.0E-10	1.0E+10	1E-30	1.0E-10	1.0E+10	1E-30	1.0E-10
94	0.0000000000051	1.0E+10	1.0E+10	1E-30	0.000000000175	1.0E+10	1E-30	1.0E+10	0.1	1E-30	8.09760837370347E-12	0.267113563273977	3.49747406538944E-12	6.4059761577886E-11	1.0E+10	1.0E+10	1E-30	1.0E-10	1.0E+10	1E-30	1.0E-10	1.0E+10	1E-30	1.0E-10	1.0E+10	1E-30	1.0E-10	1.0E+10	1E-30	1.0E-10	1.0E+10	1E-30	1.0E-10	1.0E+10	1E-30	1.0E-10	1.0E+10	1E-30	1.0E-10	1.0E+10	1E-30	1.0E-10	1.0E+10	1E-30	1.0E-10	1.0E+10	1E-30	1.0E-10	1.0E+10	1E-30	1.0E-10	1.0E+10	1E-30	1.0E-10
95	0.0000000000056	1.0E+10	1.0E+10	1E-30	1.0E-10	1.0E+10	1E-30	1.0E+10	0.09	1E-30	4.86149183964242E-12	9.16369622934442E-02	1E-30	3.31714478784411E-12	0.250106824713234	1.57768246901337E-12	1.23794856316604E-10	1.0E+10	1.54847830834921E-10	2.28785815703795E-12	0.228403361809033	1.0E+10	1E-30	1.0E-10	1.0E+10	1E-30	1.0E-10	1.0E+10	1E-30	1.0E-10	1.0E+10	1E-30	1.0E-10	1.0E+10	1E-30	1.0E-10	1.0E+10	1E-30	1.0E-10	1.0E+10	1E-30	1.0E-10	1.0E+10	1E-30	1.0E-10	1.0E+10	1E-30	1.0E-10	1.0E+10	1E-30	1.0E-10	1.0E+10	1E-30	1.0E-10
96	0.0000000000056	1.0E+10	1.0E+10	1E-30	1.0E-10	1.0E+10	1E-30	1.0E+10	0.09	1E-30	4.86149183964242E-12	9.16369622934442E-02	1E-30	3.31714478784411E-12	0.250106824713234	1.57768246901337E-12	1.23794856316604E-10	1.0E+10	1.54847830834921E-10	2.28785815703795E-12	0.228403361809033	1.0E+10	1E-30	1.0E-10	1.0E+10	1E-30	1.0E-10	1.0E+10	1E-30	1.0E-10	1.0E+10	1E-30	1.0E-10	1.0E+10	1E-30	1.0E-10	1.0E+10	1E-30	1.0E-10	1.0E+10	1E-30	1.0E-10	1.0E+10	1E-30	1.0E-10	1.0E+10	1E-30	1.0E-10	1.0E+10	1E-30	1.0E-10	1.0E+10	1E-30	1.0E-10
97	0.0000000000056	1.0E+10	1.0E+10	1E-30	1.0E-10	1.0E+10	1E-30	1.0E+10	0.09	1E-30	4.86149183964242E-12	9.16369622934442E-02	1E-30	3.31714478784411E-12	0.250106824713234	1.57768246901337E-12	1.23794856316604E-10	1.0E+10	1.54847830834921E-10	2.28785815703795E-12	0.228403361809033	1.0E+10	1E-30	1.0E-10	1.0E+10	1E-30	1.0E-10	1.0E+10	1E-30	1.0E-10	1.0E+10	1E-30	1.0E-10	1.0E+10	1E-30	1.0E-10	1.0E+10	1E-30	1.0E-10	1.0E+10	1E-30	1.0E-10	1.0E+10	1E-30	1.0E-10	1.0E+10	1E-30	1.0E-10	1.0E+10	1E-30	1.0E-10	1.0E+10	1E-30	1.0E-10
98	0.0000000000056	1.0E+10	1.0E+10	1E-30	1.0E-10	1.0E+10	1E-30	1.0E+10	0.09	1E-30	4.86149183964242E-12	9.16369622934442E-02	1E-30	3.31714478784411E-12	0.250106824713234	1.57768246901337E-12	1.23794856316604E-10	1.0E+10	1.54847830834921E-10	2.28785815703795E-12	0.228403361809033	1.0E+10	1E-30	1.0E-10	1.0E+10	1E-30	1.0E-10	1.0E+10	1E-30	1.0E-10	1.0E+10	1E-30	1.0E-10	1.0E+10	1E-30	1.0E-10	1.0E+10	1E-30	1.0E-10	1.0E+10	1E-30	1.0E-10	1.0E+10	1E-30	1.0E-10	1.0E+10	1E-30	1.0E-10	1.0E+10	1E-30	1.0E-10	1.0E+10	1E-30	1.0E-10
99	0.000000000006	1.0E+10	1.0E+10	1E-30	0.000000000215	1.0E+10	1E-30	1.0E+10	0.09	1E-30	5.01449303076907E-12	0.210046592892551	9.77262913340628E-12	2.54114047537723E-11	1.0E+10	2.04178641332192E-10	1.71708621751451E-12	0.203787894646458	1.0E+10	1E-30	1.0E-10	1.0E+10	1E-30	1.0E-10	1.0E+10	1E-30	1.0E-10	1.0E+10	1E-30	1.0E-10	1.0E+10	1E-30	1.0E-10	1.0E+10	1E-30	1.0E-10	1.0E+10	1E-30	1.0E-10	1.0E+10	1E-30	1.0E-10	1.0E+10	1E-30	1.0E-10	1.0E+10	1E-30	1.0E-10	1.0E+10	1E-30	1.0E-10	1.0E+10	1E-30	1.0E-10
100	0.000000000006	1.0E+10	1.0E+10	1E-30	0.000000000215	1.0E+10	1E-30	1.0E+10	0.09	1E-30	5.01449303076907E-12	0.210046592892551	9.77262913340628E-12	2.54114047537723E-11	1.0E+10	2.04178641332192E-10	1.71708621751451E-12	0.203787894646458	1.0E+10	1E-30	1.0E-10	1.0E+10	1E-30	1.0E-10	1.0E+10	1E-30	1.0E-10	1.0E+10	1E-30	1.0E-10	1.0E+10	1E-30	1.0E-10	1.0E+10	1E-30	1.0E-10	1.0E+10	1E-30	1.0E-10	1.0E+10	1E-30	1.0E-10	1.0E+10	1E-30	1.0E-10	1.0E+10	1E-30	1.0E-10	1.0E+10	1E-30	1.0E-10	1.0E+10	1E-30	1.0E-10
101	0.000000000006	1.0E+10	1.0E+10	1E-30	0.000000000215	1.0E+10	1E-30	1.0E+10	0.09	1E-30	5.01449303076907E-12	0.210046592892551	9.77262913340628E-12	2.54114047537723E-11	1.0E+10	2.04178641332192E-10	1.71708621751451E-12	0.203787894646458	1.0E+10	1E-30	1.0E-10	1.0E+10	1E-30	1.0E-10	1.0E+10	1E-30	1.0E-10	1.0E+10	1E-30	1.0E-10	1.0E+10	1E-30	1.0E-10	1.0E+10	1E-30	1.0E-10	1.0E+10	1E-30	1.0E-10	1.0E+10	1E-30	1.0E-10	1.0E+10	1E-30	1.0E-10	1.0E+10	1E-30	1.0E-10	1.0E+10	1E-30	1.0E-10	1.0E+10	1E-30	1.0E-10
102	0.000000000006	1.0E+10	1.0E+10	1E-30	0.000000000215	1.0E+10	1E-30	1.0E+10	0.09	1E-30	5.01449303076907E-12	0.210046592892551	9.77262913340628E-12	2.54114047537723E-11	1.0E+10	2.04178641332192E-10	1.71708621751451E-12	0.203787894646458	1.0E+10	1E-30	1.0E-10	1.0E+10	1E-30	1.0E-10	1.0E+10	1E-30	1.0E-10	1.0E+10	1E-30	1.0E-10	1.0E+10	1E-30	1.0E-10	1.0E+10	1E-30	1.0E-10	1.0E+10	1E-30	1.0E-10	1.0E+10	1E-30	1.0E-10	1.0E+10	1E-30	1.0E-10	1.0E+10	1E-30	1.0E-10	1.0E+10	1E-30	1.0E-10	1.0E+10	1E-30	1.0E-10
103	0.0000000000062	1.0E+10	1.0E+10	1E-30	0.000000000176	1.0E+10	1E-30	1.0E+10	0.09	1E-30	1.29215332797675E-11	0.835080562796577	4.87583935972597E-12	4.8102441373917E-11	1.0E+10	1.0E+10	1E-30	1.0E-10	1.0E+10	1E-30	1.0E-10	1.0E+10	1E-30	1.0E-10	1.0E+10	1E-30	1.0E-10	1.0E+10	1E-30	1.0E-10	1.0E+10	1E-30	1.0E-10	1.0E+10	1E-30	1.0E-10	1.0E+10	1E-30	1.0E-10	1.0E+10	1E-30	1.0E-10	1.0E+10	1E-30	1.0E-10	1.0E+10	1E-30	1.0E-10	1.0E+10	1E-30	1.0E-10	1.0E+10	1E-30	1.0E-10
104	0.0000000000062	1.0E+10	1.0E+10	1E-30	0.000000000176	1.0E+10	1E-30	1.0E+10	0.09	1E-30	1.29215332797675E-11	0.835080562796577	4.87583935972597E-12	4.8102441373917E-11	1.0E+10	1.0E+10	1E-30	1.0E-10	1.0E+10	1E-30	1.0E-10	1.0E+10	1E-30	1.0E-10	1.0E+10	1E-30	1.0E-10	1.0E+10	1E-30	1.0E-10	1.0E+10	1E-30	1.0E-10	1.0E+10	1E-30	1.0E-10	1.0E+10	1E-30	1.0E-10	1.0E+10	1E-30	1.0E-10	1.0E+10	1E-30	1.0E-10	1.0E+10	1E-30	1.0E-10	1.0E+10	1E-30	1.0E-10	1.0E+10	1E-30	1.0E-10
105	0.0000000000062	1.0E+10	1.0E+10	1E-30	0.000000000176	1.0E+10	1E-30	1.0E+10	0.09	1E-30	1.29215332797675E-11	0.835080562796577	4.87583935972597E-12	4.8102441373917E-11	1.0E+10	1.0E+10	1E-30	1.0E-10	1.0E+10	1E-30	1.0E-10	1.0E+10	1E-30	1.0E-10	1.0E+10	1E-30	1.0E-10	1.0E+10	1E-30	1.0E-10	1.0E+10	1E-30	1.0E-10	1.0E+10	1E-30	1.0E-10	1.0E+10	1E-30	1.0E-10	1.0E+10	1E-30	1.0E-10	1.0E+10	1E-30	1.0E-10	1.0E+10	1E-30	1.0E-10	1.0E+10	1E-30	1.0E-10	1.0E+10	1E-30	1.0E-10
106	0.0000000000062	1.0E+10	1.0E+10	1E-30	0.000000000176	1.0E+10	1E-30	1.0E+10	0.09	1E-30	1.29215332797675E-11	0.835080562796577	4.87583935972597E-12	4.8102441373917E-11	1.0E+10	1.0E+10	1E-30	1.0E-10	1.0E+10	1E-30	1.0E-10	1.0E+10	1E-30	1.0E-10	1.0E+10	1E-30	1.0E-10	1.0E+10	1E-30	1.0E-10	1.0E+10	1E-30	1.0E-10	1.0E+10	1E-30	1.0E-10	1.0E+10	1E-30	1.0E-10	1.0E+10	1E-30	1.0E-10	1.0E+10	1E-30	1.0E-10	1.0E+10	1E-30	1.0E-10	1.0E+10	1E-30	1.0E-10	1.0E+10	1E-30	1.0E-10
107	0.0000000000068	1.0E+10	1.0E+10	1E-30	0.00000000022	1.0E+10	1E-30	1.0E+10	0.085	1E-30	8.07559590510548E-12	0.380553491532588	9.66492828842725E-12	2.21736482168677E-11	1.0E+10	5.04940724773257E-10	6.94323736909471E-13	0.111190894565005	1.0E+10	1E-30	1.0E-10	1.0E+10	1E-30	1.0E-10	1.0E+10	1E-30	1.0E-10	1.0E+10	1E-30	1.0E-10	1.0E+10	1E-30	1.0E-10	1.0E+10	1E-30	1.0E-10	1.0E+10	1E-30	1.0E-10	1.0E+10	1E-30	1.0E-10	1.0E+10	1E-30	1.0E-10	1.0E+10	1E-30	1.0E-10	1.0E+10	1E-30	1.0E-10	1.0E+10	1E-30	1.0E-10
108	0.0000000000068	1.0E+10	1.0E+10	1E-30	0.00000000022	1.0E+10	1E-30	1.0E+10	0.085	1E-30	8.07559590510548E-12	0.380553491532588	9.66492828842725E-12	2.21736482168677E-11	1.0E+10	5.04940724773257E-10	6.94323736909471E-13	0.111190894565005	1.0E+10	1E-30	1.0E-10	1.0E+10	1E-30	1.0E-10	1.0E+10	1E-30	1.0E-10	1.0E+10	1E-30	1.0E-10	1.0E+10	1E-30	1.0E-10	1.0E+10	1E-30	1.0E-10	1.0E+10	1E-30	1.0E-10	1.0E+10	1E-30	1.0E-10	1.0E+10	1E-30	1.0E-10	1.0E+10	1E-30	1.0E-10	1.0E+10	1E-30	1.0E-10	1.0E+10	1E-30	1.0E-10
109	0.0000000000068	1.0E+10	1.0E+10	1E-30	0.00000000022	1.0E+10	1E-30	1.0E+10	0.085	1E-30	8.07559590510548E-12	0.380553491532588	9.66492828842725E-12	2.21736482168677E-11	1.0E+10	5.04940724773257E-10	6.94323736909471E-13	0.111190894565005	1.0E+10	1E-30	1.0E-10	1.0E+10	1E-30	1.0E-10	1.0E+10	1E-30	1.0E-10	1.0E+10	1E-30	1.0E-10	1.0E+10	1E-30	1.0E-10	1.0E+10	1E-30	1.0E-10	1.0E+10	1E-30	1.0E-10	1.0E+10	1E-30	1.0E-10	1.0E+10	1E-30	1.0E-10	1.0E+10	1E-30	1.0E-10	1.0E+10	1E-30	1.0E-10	1.0E+10	1E-30	1.0E-10
110	0.0000000000068	1.0E+10	1.0E+10	1E-30	0.00000000022	1.0E+10	1E-30	1.0E+10	0.085	1E-30	8.07559590510548E-12	0.380553491532588	9.66492828842725E-12	2.21736482168677E-11	1.0E+10	5.04940724773257E-10	6.94323736909471E-13	0.111190894565005	1.0E+10	1E-30	1.0E-10	1.0E+10	1E-30	1.0E-10	1.0E+10	1E-30	1.0E-10	1.0E+10	1E-30	1.0E-10	1.0E+10	1E-30	1.0E-10	1.0E+10	1E-30	1.0E-10	1.0E+10	1E-30	1.0E-10	1.0E+10	1E-30	1.0E-10	1.0E+10	1E-30	1.0E-10	1.0E+10	1E-30	1.0E-10	1.0E+10	1E-30	1.0E-10	1.0E+10	1E-30	1.0E-10
111	0.0000000000068	1.0E+10	1.0E+10	1E-30	0.00000000022	1.0E+10	1E-30	1.0E+10	0.085	1E-30	8.07559590510548E-12	0.380553491532588	9.66492828842725E-12	2.21736482168677E-11	1.0E+10	5.04940724773257E-10	6.94323736909471E-13	0.111190894565005	1.0E+10	1E-30	1.0E-10	1.0E+10	1E-30	1.0E-10	1.0E+10	1E-30	1.0E-10	1.0E+10	1E-30	1.0E-10	1.0E+10	1E-30	1.0E-10	1.0E+10	1E-30	1.0E-10	1.0E+10	1E-30	1.0E-10	1.0E+10	1E-30	1.0E-10	1.0E+10	1E-30	1.0E-10	1.0E+10	1E-30	1.0E-10	1.0E+10	1E-30	1.0E-10	1.0E+10	1E-30	1.0E-10
112	0.000000000007	1.0E+10	1.0E+10	1E-30	0.000000000213	1.0E+10	1E-30	1.0E+10	0.135	1E-30	6.75964855066086E-12	0.318540933414076	4.58232322446182E-12	0.000000000052	1.0E+10	2.01915248049171E-10	1.73633410220197E-12	0.278061272896874	1.0E+10	1E-30	1.0E-10	1.0E+10	1E-30	1.0E-10	1.0E+10	1E-30	1.0E-10	1.0E+10	1E-30	1.0E-10	1.0E+10	1E-30	1.0E-10	1.0E+10	1E-30	1.0E-10	1.0E+10	1E-30	1.0E-10	1.0E+10	1E-30	1.0E-10	1.0E+10	1E-30	1.0E-10	1.0E+10	1E-30	1.0E-10	1.0E+10	1E-30	1.0E-10	1.0E+10	1E-30	1.0E-10
113	0.000000000007	1.0E+10	1.0E+10	1E-30	0.000000000213	1.0E+10	1E-30	1.0E+10	0.135	1E-30	6.75964855066086E-12	0.318540933414076	4.58232322446182E-12	0.000000000052	1.0E+10	2.01915248049171E-10	1.73633410220197E-12	0.278061272896874	1.0E+10	1E-30	1.0E-10	1.0E+10	1E-30	1.0E-10	1.0E+10	1E-30	1.0E-10	1.0E+10	1E-30	1.0E-10	1.0E+10	1E-30	1.0E-10	1.0E+10	1E-30	1.0E-10	1.0E+10	1E-30	1.0E-10	1.0E+10	1E-30	1.0E-10	1.0E+10	1E-30	1.0E-10	1.0E+10	1E-30	1.0E-10	1.0E+10	1E-30	1.0E-10	1.0E+10	1E-30	1.0E-10
114	0.000000000007	1.0E+10	1.0E+10	1E-30	0.000000000213	1.0E+10	1E-30	1.0E+10	0.135	1E-30	6.75964855066086E-12	0.318540933414076	4.58232322446182E-12	0.000000000052	1.0E+10	2.01915248049171E-10	1.73633410220197E-12	0.278061272896874	1.0E+10	1E-30	1.0E-10	1.0E+10	1E-30	1.0E-10	1.0E+10	1E-30	1.0E-10	1.0E+10	1E-30	1.0E-10	1.0E+10	1E-30	1.0E-10	1.0E+10	1E-30	1.0E-10	1.0E+10	1E-30	1.0E-10	1.0E+10	1E-30	1.0E-10	1.0E+10	1E-30	1.0E-10	1.0E+10	1E-30	1.0E-10	1.0E+10	1E-30	1.0E-10	1.0E+10	1E-30	1.0E-10
115	0.000000000007	1.0E+10	1.0E+10	1E-30	0.000000000213	1.0E+10	1E-30	1.0E+10	0.135	1E-30	6.75964855066086E-12	0.318540933414076	4.58232322446182E-12	0.000000000052	1.0E+10	2.01915248049171E-10	1.73633410220197E-12	0.278061272896874	1.0E+10	1E-30	1.0E-10	1.0E+10	1E-30	1.0E-10	1.0E+10	1E-30	1.0E-10	1.0E+10	1E-30	1.0E-10	1.0E+10	1E-30	1.0E-10	1.0E+10	1E-30	1.0E-10	1.0E+10	1E-30	1.0E-10	1.0E+10	1E-30	1.0E-10	1.0E+10	1E-30	1.0E-10	1.0E+10	1E-30	1.0E-10	1.0E+10	1E-30	1.0E-10	1.0E+10	1E-30	1.0E-10
116	0.0000000000075	1.0E+10	1.0E+10	1E-30	0.000000000154	1.0E+10	1E-30	1.0E+10	0.085	1E-30	1.19278695621368E-11	0.112417522168159	1E-30	1.11997411456316E-11	0.844440588125367	1.95375277721022E-12	1.0804120240652E-10	1.0E+10	1.08377131672336E-10	2.92154529277993E-12	0.734264418314183	1.0E+10	1E-30	1.0E-10	1.0E+10	1E-30	1.0E-10	1.0E+10	1E-30	1.0E-10	1.0E+10	1E-30	1.0E-10	1.0E+10	1E-30	1.0E-10	1.0E+10	1E-30	1.0E-10	1.0E+10	1E-30	1.0E-10	1.0E+10	1E-30	1.0E-10	1.0E+10	1E-30	1.0E-10	1.0E+10	1E-30	1.0E-10	1.0E+10	1E-30	1.0E-10
117	0.000000000008	1.0E+10	1.0E+10	1E-30	0.000000000093	1.0E+10	1E-30	1.0E+10	0.13	1E-30	4.87675616121716E-12	0.229811719941429	0.0000000000014	0.000000000153	1.0E+10	9.31668895810255E-11	3.76305716031704E-12	0.349408081706702	1.0E+10	1E-30	1.0E-10	1.0E+10	1E-30	1.0E-10	1.0E+10	1E-30	1.0E-10	1.0E+10	1E-30	1.0E-10	1.0E+10	1E-30	1.0E-10	1.0E+10	1E-30	1.0E-10	1.0E+10	1E-30	1.0E-10	1.0E+10	1E-30	1.0E-10	1.0E+10	1E-30	1.0E-10	1.0E+10	1E-30	1.0E-10	1.0E+10	1E-30	1.0E-10	1.0E+10	1E-30	1.0E-10
118	0.000000000008	1.0E+10	1.0E+10	1E-30	0.000000000093	1.0E+10	1E-30	1.0E+10	0.13	1E-30	4.87675616121716E-12	0.229811719941429	0.0000000000014	0.000000000153	1.0E+10	9.31668895810255E-11	3.76305716031704E-12	0.349408081706702	1.0E+10	1E-30	1.0E-10	1.0E+10	1E-30	1.0E-10	1.0E+10	1E-30	1.0E-10	1.0E+10	1E-30	1.0E-10	1.0E+10	1E-30	1.0E-10	1.0E+10	1E-30	1.0E-10	1.0E+10	1E-30	1.0E-10	1.0E+10	1E-30	1.0E-10	1.0E+10	1E-30	1.0E-10	1.0E+10	1E-30	1.0E-10	1.0E+10	1E-30	1.0E-10	1.0E+10	1E-30	1.0E-10
119	0.000000000008	1.0E+10	1.0E+10	1E-30	0.000000000093	1.0E+10	1E-30	1.0E+10	0.13	1E-30	4.87675616121716E-12	0.229811719941429	0.0000000000014	0.000000000153	1.0E+10	9.31668895810255E-11	3.76305716031704E-12	0.349408081706702	1.0E+10	1E-30	1.0E-10	1.0E+10	1E-30	1.0E-10	1.0E+10	1E-30	1.0E-10	1.0E+10	1E-30	1.0E-10	1.0E+10	1E-30	1.0E-10	1.0E+10	1E-30	1.0E-10	1.0E+10	1E-30	1.0E-10	1.0E+10	1E-30	1.0E-10	1.0E+10	1E-30	1.0E-10	1.0E+10	1E-30	1.0E-10	1.0E+10	1E-30	1.0E-10	1.0E+10	1E-30	1.0E-10
120	0.000000000008	1.0E+10	1.0E+10	1E-30	0.000000000093	1.0E+10	1E-30	1.0E+10	0.13	1E-30	4.87675616121716E-12	0.229811719941429	0.0000000000014	0.000000000153	1.0E+10	9.31668895810255E-11	3.76305716031704E-12	0.349408081706702	1.0E+10	1E-30	1.0E-10	1.0E+10	1E-30	1.0E-10	1.0E+10	1E-30	1.0E-10	1.0E+10	1E-30	1.0E-10	1.0E+10	1E-30	1.0E-10	1.0E+10	1E-30	1.0E-10	1.0E+10	1E-30	1.0E-10	1.0E+10	1E-30	1.0E-10	1.0E+10	1E-30	1.0E-10	1.0E+10	1E-30	1.0E-10	1.0E+10	1E-30	1.0E-10	1.0E+10	1E-30	1.0E-10
121	0.0000000000082	1.0E+10	1.0E+10	1E-30	0.000000000089	1.0E+10	1E-30	1.0E+10	0.085	1E-30	7.1896510867838E-12	0.135521730216683	1E-30	1.10349970273073E-11	0.91522109166507	1.0812178176312E-12	1.63745573088365E-10	1.0E+10	1.0E+10	1E-30	1.0E-10	1.0E+10	1E-30	1.0E-10	1.0E+10	1E-30	1.0E-10	1.0E+10	1E-30	1.0E-10	1.0E+10	1E-30	1.0E-10	1.0E+10	1E-30	1.0E-10	1.0E+10	1E-30	1.0E-10	1.0E+10	1E-30	1.0E-10	1.0E+10	1E-30	1.0E-10	1.0E+10	1E-30	1.0E-10	1.0E+10	1E-30	1.0E-10	1.0E+10	1E-30	1.0E-10
122	0.000000000009	1.0E+10	1.0E+10	1E-30	0.000000000143	1.0E+10	1E-30	1.0E+10	0.08	1E-30	1.17682989753615E-11	0.554568024093662	1.92754540955228E-12	0.00000000011	1.0E+10	1.73729053365162E-10	2.01804087543971E-12	0.224339830842034	1.0E+10	1E-30	1.0E-10	1.0E+10	1E-30	1.0E-10	1.0E+10	1E-30	1.0E-10	1.0E+10	1E-30	1.0E-10	1.0E+10	1E-30	1.0E-10	1.0E+10	1E-30	1.0E-10	1.0E+10	1E-30	1.0E-10	1.0E+10	1E-30	1.0E-10	1.0E+10	1E-30	1.0E-10	1.0E+10	1E-30	1.0E-10	1.0E+10	1E-30	1.0E-10	1.0E+10	1E-30	1.0E-10
123	0.000000000009	1.0E+10	1.0E+10	1E-30	0.000000000143	1.0E+10	1E-30	1.0E+10	0.08	1E-30	1.17682989753615E-11	0.554568024093662	1.92754540955228E-12	0.00000000011	1.0E+10	1.73729053365162E-10	2.01804087543971E-12	0.224339830842034	1.0E+10	1E-30	1.0E-10	1.0E+10	1E-30	1.0E-10	1.0E+10	1E-30	1.0E-10	1.0E+10	1E-30	1.0E-10	1.0E+10	1E-30	1.0E-10	1.0E+10	1E-30	1.0E-10	1.0E+10	1E-30	1.0E-10	1.0E+10	1E-30	1.0E-10	1.0E+10	1E-30	1.0E-10	1.0E+10	1E-30	1.0E-10	1.0E+10	1E-30	1.0E-10	1.0E+10	1E-30	1.0E-10
124	0.000000000009	1.0E+10	1.0E+10	1E-30	0.000000000143	1.0E+10	1E-30	1.0E+10	0.08	1E-30	1.17682989753615E-11	0.554568024093662	1.92754540955228E-12	0.00000000011	1.0E+10	1.73729053365162E-10	2.01804087543971E-12	0.224339830842034	1.0E+10	1E-30	1.0E-10	1.0E+10	1E-30	1.0E-10	1.0E+10	1E-30	1.0E-10	1.0E+10	1E-30	1.0E-10	1.0E+10	1E-30	1.0E-10	1.0E+10	1E-30	1.0E-10	1.0E+10	1E-30	1.0E-10	1.0E+10	1E-30	1.0E-10	1.0E+10	1E-30	1.0E-10	1.0E+10	1E-30	1.0E-10	1.0E+10	1E-30	1.0E-10	1.0E+10	1E-30	1.0E-10
125	0.000000000009	1.0E+10	1.0E+10	1E-30	0.000000000143	1.0E+10	1E-30	1.0E+10	0.08	1E-30	1.17682989753615E-11	0.554568024093662	1.92754540955228E-12	0.00000000011	1.0E+10	1.73729053365162E-10	2.01804087543971E-12	0.224339830842034	1.0E+10	1E-30	1.0E-10	1.0E+10	1E-30	1.0E-10	1.0E+10	1E-30	1.0E-10	1.0E+10	1E-30	1.0E-10	1.0E+10	1E-30	1.0E-10	1.0E+10	1E-30	1.0E-10	1.0E+10	1E-30	1.0E-10	1.0E+10	1E-30	1.0E-10	1.0E+10	1E-30	1.0E-10	1.0E+10	1E-30	1.0E-10	1.0E+10	1E-30	1.0E-10	1.0E+10	1E-30	1.0E-10
126	9.16591785039747E-12	1.0E+10	1.0E+10	1E-30	2.14005909545061E-10	1.0E+10	1E-30	1.0E+10	0.08	1E-30	5.39728801056979E-12	0.254341205449715	1E-30	8.59653907976726E-12	0.810204720578832	5.97365693325116E-12	3.92623445856653E-11	1.0E+10	1.0E+10	1E-30	1.0E-10	1.0E+10	1E-30	1.0E-10	1.0E+10	1E-30	1.0E-10	1.0E+10	1E-30	1.0E-10	1.0E+10	1E-30	1.0E-10	1.0E+10	1E-30	1.0E-10	1.0E+10	1E-30	1.0E-10	1.0E+10	1E-30	1.0E-10	1.0E+10	1E-30	1.0E-10	1.0E+10	1E-30	1.0E-10	1.0E+10	1E-30	1.0E-10	1.0E+10	1E-30	1.0E-10
127	9.16591785039747E-12	1.0E+10	1.0E+10	1E-30	2.14005909545061E-10	1.0E+10	1E-30	1.0E+10	0.08	1E-30	5.39728801056979E-12	0.254341205449715	1E-30	8.59653907976726E-12	0.810204720578832	5.97365693325116E-12	3.92623445856653E-11	1.0E+10	1.0E+10	1E-30	1.0E-10	1.0E+10	1E-30	1.0E-10	1.0E+10	1E-30	1.0E-10	1.0E+10	1E-30	1.0E-10	1.0E+10	1E-30	1.0E-10	1.0E+10	1E-30	1.0E-10	1.0E+10	1E-30	1.0E-10	1.0E+10	1E-30	1.0E-10	1.0E+10	1E-30	1.0E-10	1.0E+10	1E-30	1.0E-10	1.0E+10	1E-30	1.0E-10	1.0E+10	1E-30	1.0E-10
128	9.16591785039747E-12	1.0E+10	1.0E+10	1E-30	2.14005909545061E-10	1.0E+10	1E-30	1.0E+10	0.08	1E-30	5.39728801056979E-12	0.254341205449715	1E-30	8.59653907976726E-12	0.810204720578832	5.97365693325116E-12	3.92623445856653E-11	1.0E+10	1.0E+10	1E-30	1.0E-10	1.0E+10	1E-30	1.0E-10	1.0E+10	1E-30	1.0E-10	1.0E+10	1E-30	1.0E-10	1.0E+10	1E-30	1.0E-10	1.0E+10	1E-30	1.0E-10	1.0E+10	1E-30	1.0E-10	1.0E+10	1E-30	1.0E-10	1.0E+10	1E-30	1.0E-10	1.0E+10	1E-30	1.0E-10	1.0E+10	1E-30	1.0E-10	1.0E+10	1E-30	1.0E-10
129	9.16591785039747E-12	1.0E+10	1.0E+10	1E-30	2.14005909545061E-10	1.0E+10	1E-30	1.0E+10	0.08	1E-30	5.39728801056979E-12	0.254341205449715	1E-30	8.59653907976726E-12	0.810204720578832	5.97365693325116E-12	3.92623445856653E-11	1.0E+10	1.0E+10	1E-30	1.0E-10	1.0E+10	1E-30	1.0E-10	1.0E+10	1E-30	1.0E-10	1.0E+10	1E-30	1.0E-10	1.0E+10	1E-30	1.0E-10	1.0E+10	1E-30	1.0E-10	1.0E+10	1E-30	1.0E-10	1.0E+10	1E-30	1.0E-10	1.0E+10	1E-30	1.0E-10	1.0E+10	1E-30	1.0E-10	1.0E+10	1E-30	1.0E-10	1.0E+10	1E-30	1.0E-10
130	0.00000000001	1.0E+10	1.0E+10	1E-30	6.72089696818191E-11	1.0E+10	1E-30	1.0E+10	7.88852043594842E-02	1E-30	9.38059942592253E-12	0.501927913771002	8.1390793851259E-11	4.29723399616642E-12	2.99884410499274	6.73648559840644E-13	1.68502638575401E-10	100000	1.0E+10	1E-30	1.0E-10	1.0E+10	1E-30	1.0E-10	1.0E+10	1E-30	1.0E-10	1.0E+10	1E-30	1.0E-10	1.0E+10	1E-30	1.0E-10	1.0E+10	1E-30	1.0E-10	1.0E+10	1E-30	1.0E-10	1.0E+10	1E-30	1.0E-10	1.0E+10	1E-30	1.0E-10	1.0E+10	1E-30	1.0E-10	1.0E+10	1E-30	1.0E-10	1.0E+10	1E-30	1.0E-10
131	0.00000000001	1.0E+10	1.0E+10	1E-30	6.72089696818191E-11	1.0E+10	1E-30	1.0E+10	7.88852043594842E-02	1E-30	9.38059942592253E-12	0.501927913771002	8.1390793851259E-11	4.29723399616642E-12	2.99884410499274	6.73648559840644E-13	1.68502638575401E-10	100000	1.0E+10	1E-30	1.0E-10	1.0E+10	1E-30	1.0E-10	1.0E+10	1E-30	1.0E-10	1.0E+10	1E-30	1.0E-10	1.0E+10	1E-30	1.0E-10	1.0E+10	1E-30	1.0E-10	1.0E+10	1E-30	1.0E-10	1.0E+10	1E-30	1.0E-10	1.0E+10	1E-30	1.0E-10	1.0E+10	1E-30	1.0E-10	1.0E+10	1E-30	1.0E-10	1.0E+10	1E-30	1.0E-10
132	0.000000000015	1.0E+10	1.0E+10	1E-30	8.79160251028353E-11	1.0E+10	1E-30	1.0E+10	7.41929585425409E-02	1E-30	5.80273347407801E-12	0.219782008642007	1.20568452163576E-10	4.55859712400566E-12	2.70335732520398	4.70474751577368E-11	6.97251185305696E-12	2.00434936635035	1.62486395821775E-12	1.36214420153648E-10	100000	1.0E+10	1E-30	1.0E-10	1.0E+10	1E-30	1.0E-10	1.0E+10	1E-30	1.0E-10	1.0E+10	1E-30	1.0E-10	1.0E+10	1E-30	1.0E-10	1.0E+10	1E-30	1.0E-10	1.0E+10	1E-30	1.0E-10	1.0E+10	1E-30	1.0E-10	1.0E+10	1E-30	1.0E-10	1.0E+10	1E-30	1.0E-10	1.0E+10	1E-30	1.0E-10
133	0.000000000015	1.0E+10	1.0E+10	1E-30	8.79160251028353E-11	1.0E+10	1E-30	1.0E+10	7.41929585425409E-02	1E-30	5.80273347407801E-12	0.219782008642007	1.20568452163576E-10	4.55859712400566E-12	2.70335732520398	4.70474751577368E-11	6.97251185305696E-12	2.00434936635035	1.62486395821775E-12	1.36214420153648E-10	100000	1.0E+10	1E-30	1.0E-10	1.0E+10	1E-30	1.0E-10	1.0E+10	1E-30	1.0E-10	1.0E+10	1E-30	1.0E-10	1.0E+10	1E-30	1.0E-10	1.0E+10	1E-30	1.0E-10	1.0E+10	1E-30	1.0E-10	1.0E+10	1E-30	1.0E-10	1.0E+10	1E-30	1.0E-10	1.0E+10	1E-30	1.0E-10	1.0E+10	1E-30	1.0E-10
134	0.00000000002	1.0E+10	1.0E+10	1E-30	0.000000000144	1.0E+10	1E-30	1.0E+10	0.075	1E-30	4.91243647639706E-12	6.17314973819022E-02	1E-30	4.84426846808549E-12	0.273936928164373	2.78689796981118E-12	6.73264050540743E-11	1.0E+10	2.55578247257501E-11	1.27982630297409E-11	10.198770334992	1.72637535679555E-10	4.5962975903624E-12	2.67006218686033	1.0E+10	1E-30	1.0E-10	1.0E+10	1E-30	1.0E-10	1.0E+10	1E-30	1.0E-10	1.0E+10	1E-30	1.0E-10	1.0E+10	1E-30	1.0E-10	1.0E+10	1E-30	1.0E-10	1.0E+10	1E-30	1.0E-10	1.0E+10	1E-30	1.0E-10	1.0E+10	1E-30	1.0E-10	1.0E+10	1E-30	1.0E-10
135	0.000000000022	1.0E+10	1.0E+10	1E-30	9.4203718137442E-11	1.0E+10	1E-30	1.0E+10	5.26955378818507E-02	1E-30	8.92264084394209E-12	0.138377909725148	2.80115937335816E-10	2.82043707968552E-12	1.26822729494157	2.49507436795809E-11	1.31554640829219E-11	5.04502662828442	1.29943930819482E-12	1.2626532224152E-10	100000	1.0E+10	1E-30	1.0E-10	1.0E+10	1E-30	1.0E-10	1.0E+10	1E-30	1.0E-10	1.0E+10	1E-30	1.0E-10	1.0E+10	1E-30	1.0E-10	1.0E+10	1E-30	1.0E-10	1.0E+10	1E-30	1.0E-10	1.0E+10	1E-30	1.0E-10	1.0E+10	1E-30	1.0E-10	1.0E+10	1E-30	1.0E-10	1.0E+10	1E-30	1.0E-10
136	0.000000000022	1.0E+10	1.0E+10	1E-30	9.4203718137442E-11	1.0E+10	1E-30	1.0E+10	5.26955378818507E-02	1E-30	8.92264084394209E-12	0.138377909725148	2.80115937335816E-10	2.82043707968552E-12	1.26822729494157	2.49507436795809E-11	1.31554640829219E-11	5.04502662828442	1.29943930819482E-12	1.2626532224152E-10	100000	1.0E+10	1E-30	1.0E-10	1.0E+10	1E-30	1.0E-10	1.0E+10	1E-30	1.0E-10	1.0E+10	1E-30	1.0E-10	1.0E+10	1E-30	1.0E-10	1.0E+10	1E-30	1.0E-10	1.0E+10	1E-30	1.0E-10	1.0E+10	1E-30	1.0E-10	1.0E+10	1E-30	1.0E-10	1.0E+10	1E-30	1.0E-10	1.0E+10	1E-30	1.0E-10
137	0.000000000022	1.0E+10	1.0E+10	1E-30	9.4203718137442E-11	1.0E+10	1E-30	1.0E+10	5.26955378818507E-02	1E-30	8.92264084394209E-12	0.138377909725148	2.80115937335816E-10	2.82043707968552E-12	1.26822729494157	2.49507436795809E-11	1.31554640829219E-11	5.04502662828442	1.29943930819482E-12	1.2626532224152E-10	100000	1.0E+10	1E-30	1.0E-10	1.0E+10	1E-30	1.0E-10	1.0E+10	1E-30	1.0E-10	1.0E+10	1E-30	1.0E-10	1.0E+10	1E-30	1.0E-10	1.0E+10	1E-30	1.0E-10	1.0E+10	1E-30	1.0E-10	1.0E+10	1E-30	1.0E-10	1.0E+10	1E-30	1.0E-10	1.0E+10	1E-30	1.0E-10	1.0E+10	1E-30	1.0E-10
138	0.000000000027	1.0E+10	1.0E+10	1E-30	0.000000000102	1.0E+10	1E-30	1.0E+10	0.09	1E-30	7.29639570146733E-12	9.74441737458746E-02	1.39209107249924E-12	1.21792912877711E-10	1.0E+10	3.57502005059904E-11	1.07992039610701E-11	6.21936494354423	2.84403103456314E-10	3.39755120015493E-12	1.4448177120565	1.0E+10	1E-30	1.0E-10	1.0E+10	1E-30	1.0E-10	1.0E+10	1E-30	1.0E-10	1.0E+10	1E-30	1.0E-10	1.0E+10	1E-30	1.0E-10	1.0E+10	1E-30	1.0E-10	1.0E+10	1E-30	1.0E-10	1.0E+10	1E-30	1.0E-10	1.0E+10	1E-30	1.0E-10	1.0E+10	1E-30	1.0E-10	1.0E+10	1E-30	1.0E-10
139	0.000000000027	1.0E+10	1.0E+10	1E-30	0.000000000102	1.0E+10	1E-30	1.0E+10	0.09	1E-30	7.29639570146733E-12	9.74441737458746E-02	1.39209107249924E-12	1.21792912877711E-10	1.0E+10	3.57502005059904E-11	1.07992039610701E-11	6.21936494354423	2.84403103456314E-10	3.39755120015493E-12	1.4448177120565	1.0E+10	1E-30	1.0E-10	1.0E+10	1E-30	1.0E-10	1.0E+10	1E-30	1.0E-10	1.0E+10	1E-30	1.0E-10	1.0E+10	1E-30	1.0E-10	1.0E+10	1E-30	1.0E-10	1.0E+10	1E-30	1.0E-10	1.0E+10	1E-30	1.0E-10	1.0E+10	1E-30	1.0E-10	1.0E+10	1E-30	1.0E-10	1.0E+10	1E-30	1.0E-10
140	0.000000000027	1.0E+10	1.0E+10	1E-30	0.000000000102	1.0E+10	1E-30	1.0E+10	0.09	1E-30	7.29639570146733E-12	9.74441737458746E-02	1.39209107249924E-12	1.21792912877711E-10	1.0E+10	3.57502005059904E-11	1.07992039610701E-11	6.21936494354423	2.84403103456314E-10	3.39755120015493E-12	1.4448177120565	1.0E+10	1E-30	1.0E-10	1.0E+10	1E-30	1.0E-10	1.0E+10	1E-30	1.0E-10	1.0E+10	1E-30	1.0E-10	1.0E+10	1E-30	1.0E-10	1.0E+10	1E-30	1.0E-10	1.0E+10	1E-30	1.0E-10	1.0E+10	1E-30	1.0E-10	1.0E+10	1E-30	1.0E-10	1.0E+10	1E-30	1.0E-10	1.0E+10	1E-30	1.0E-10
141	0.000000000033	1.0E+10	1.0E+10	1E-30	1.52780541284058E-10	1.0E+10	1E-30	1.0E+10	6.03444752386188E-02	1E-30	8.94824994245011E-12	9.02172813662319E-02	4.75662233173377E-10	2.83990276498418E-12	1.0419464315177	4.35724127005042E-11	1.33979538056923E-11	5.73153546745809	7.78024556434401E-11	4.26086392165471E-12	0.885950266307651	4.00652984180609E-12	5.91931851435505E-11	100000	1.0E+10	1E-30	1.0E-10	1.0E+10	1E-30	1.0E-10	1.0E+10	1E-30	1.0E-10	1.0E+10	1E-30	1.0E-10	1.0E+10	1E-30	1.0E-10	1.0E+10	1E-30	1.0E-10	1.0E+10	1E-30	1.0E-10	1.0E+10	1E-30	1.0E-10	1.0E+10	1E-30	1.0E-10	1.0E+10	1E-30	1.0E-10
142	0.000000000033	1.0E+10	1.0E+10	1E-30	1.52780541284058E-10	1.0E+10	1E-30	1.0E+10	6.03444752386188E-02	1E-30	8.94824994245011E-12	9.02172813662319E-02	4.75662233173377E-10	2.83990276498418E-12	1.0419464315177	4.35724127005042E-11	1.33979538056923E-11	5.73153546745809	7.78024556434401E-11	4.26086392165471E-12	0.885950266307651	4.00652984180609E-12	5.91931851435505E-11	100000	1.0E+10	1E-30	1.0E-10	1.0E+10	1E-30	1.0E-10	1.0E+10	1E-30	1.0E-10	1.0E+10	1E-30	1.0E-10	1.0E+10	1E-30	1.0E-10	1.0E+10	1E-30	1.0E-10	1.0E+10	1E-30	1.0E-10	1.0E+10	1E-30	1.0E-10	1.0E+10	1E-30	1.0E-10	1.0E+10	1E-30	1.0E-10
143	0.000000000033	1.0E+10	1.0E+10	1E-30	1.52780541284058E-10	1.0E+10	1E-30	1.0E+10	6.03444752386188E-02	1E-30	8.94824994245011E-12	9.02172813662319E-02	4.75662233173377E-10	2.83990276498418E-12	1.0419464315177	4.35724127005042E-11	1.33979538056923E-11	5.73153546745809	7.78024556434401E-11	4.26086392165471E-12	0.885950266307651	4.00652984180609E-12	5.91931851435505E-11	100000	1.0E+10	1E-30	1.0E-10	1.0E+10	1E-30	1.0E-10	1.0E+10	1E-30	1.0E-10	1.0E+10	1E-30	1.0E-10	1.0E+10	1E-30	1.0E-10	1.0E+10	1E-30	1.0E-10	1.0E+10	1E-30	1.0E-10	1.0E+10	1E-30	1.0E-10	1.0E+10	1E-30	1.0E-10	1.0E+10	1E-30	1.0E-10
END DSCRDATA
