BEGIN DSCRDATA
% INDEX	K01	L01	M01	K02	L02	M02	K03	L03	M03	K04	L04	M04	K05	L05	M05	K06	L06	M06	K07	L07	M07	K08	L08	M08	K09	L09	M09	K10	L10	M10	K11	L11	M11	K12	L12	M12	K13	L13	M13	K14	L14	M14	K15	L15	M15	K16	L16	M16	K17	L17	M17	K18	L18	M18
0	0.0000000000002	1.0E+10	1.0E+10	1E-30	2.78699696136036E-10	1.0E+10	1E-30	1.0E+10	0.430025572019804	1.17272996603712E-10	4.55355914281349E-13	0.241909043764955	1.0E+10	1E-30	1.0E-10	1.0E+10	1E-30	1.0E-10	1.0E+10	1E-30	1.0E-10	1.0E+10	1E-30	1.0E-10	1.0E+10	1E-30	1.0E-10	1.0E+10	1E-30	1.0E-10	1.0E+10	1E-30	1.0E-10	1.0E+10	1E-30	1.0E-10	1.0E+10	1E-30	1.0E-10	1.0E+10	1E-30	1.0E-10	1.0E+10	1E-30	1.0E-10	1.0E+10	1E-30	1.0E-10	1.0E+10	1E-30	1.0E-10	1.0E+10	1E-30	1.0E-10
1	0.0000000000002	1.0E+10	1.0E+10	1E-30	2.78699696136036E-10	1.0E+10	1E-30	1.0E+10	0.430025572019804	1.17272996603712E-10	4.55355914281349E-13	0.241909043764955	1.0E+10	1E-30	1.0E-10	1.0E+10	1E-30	1.0E-10	1.0E+10	1E-30	1.0E-10	1.0E+10	1E-30	1.0E-10	1.0E+10	1E-30	1.0E-10	1.0E+10	1E-30	1.0E-10	1.0E+10	1E-30	1.0E-10	1.0E+10	1E-30	1.0E-10	1.0E+10	1E-30	1.0E-10	1.0E+10	1E-30	1.0E-10	1.0E+10	1E-30	1.0E-10	1.0E+10	1E-30	1.0E-10	1.0E+10	1E-30	1.0E-10	1.0E+10	1E-30	1.0E-10
2	0.0000000000003	1.0E+10	1.0E+10	1E-30	2.17584155826552E-10	1.0E+10	1E-30	1.0E+10	0.425362826782415	3.47855387698002E-11	1.32822461583385E-12	1.10014870799739	1.3835560587879E-12	2.60328818915738E-11	100000	1.0E+10	1E-30	1.0E-10	1.0E+10	1E-30	1.0E-10	1.0E+10	1E-30	1.0E-10	1.0E+10	1E-30	1.0E-10	1.0E+10	1E-30	1.0E-10	1.0E+10	1E-30	1.0E-10	1.0E+10	1E-30	1.0E-10	1.0E+10	1E-30	1.0E-10	1.0E+10	1E-30	1.0E-10	1.0E+10	1E-30	1.0E-10	1.0E+10	1E-30	1.0E-10	1.0E+10	1E-30	1.0E-10	1.0E+10	1E-30	1.0E-10
3	0.0000000000003	1.0E+10	1.0E+10	1E-30	2.17584155826552E-10	1.0E+10	1E-30	1.0E+10	0.425362826782415	3.47855387698002E-11	1.32822461583385E-12	1.10014870799739	1.3835560587879E-12	2.60328818915738E-11	100000	1.0E+10	1E-30	1.0E-10	1.0E+10	1E-30	1.0E-10	1.0E+10	1E-30	1.0E-10	1.0E+10	1E-30	1.0E-10	1.0E+10	1E-30	1.0E-10	1.0E+10	1E-30	1.0E-10	1.0E+10	1E-30	1.0E-10	1.0E+10	1E-30	1.0E-10	1.0E+10	1E-30	1.0E-10	1.0E+10	1E-30	1.0E-10	1.0E+10	1E-30	1.0E-10	1.0E+10	1E-30	1.0E-10	1.0E+10	1E-30	1.0E-10
4	0.0000000000004	1.0E+10	1.0E+10	1E-30	2.40826695555672E-10	1.0E+10	1E-30	1.0E+10	0.417629625981518	3.58245269979647E-11	1.61595700912337E-12	0.949816405689569	5.80913686135562E-12	8.77884529597287E-12	100000	1.0E+10	1E-30	1.0E-10	1.0E+10	1E-30	1.0E-10	1.0E+10	1E-30	1.0E-10	1.0E+10	1E-30	1.0E-10	1.0E+10	1E-30	1.0E-10	1.0E+10	1E-30	1.0E-10	1.0E+10	1E-30	1.0E-10	1.0E+10	1E-30	1.0E-10	1.0E+10	1E-30	1.0E-10	1.0E+10	1E-30	1.0E-10	1.0E+10	1E-30	1.0E-10	1.0E+10	1E-30	1.0E-10	1.0E+10	1E-30	1.0E-10
5	0.0000000000004	1.0E+10	1.0E+10	1E-30	2.40826695555672E-10	1.0E+10	1E-30	1.0E+10	0.417629625981518	3.58245269979647E-11	1.61595700912337E-12	0.949816405689569	5.80913686135562E-12	8.77884529597287E-12	100000	1.0E+10	1E-30	1.0E-10	1.0E+10	1E-30	1.0E-10	1.0E+10	1E-30	1.0E-10	1.0E+10	1E-30	1.0E-10	1.0E+10	1E-30	1.0E-10	1.0E+10	1E-30	1.0E-10	1.0E+10	1E-30	1.0E-10	1.0E+10	1E-30	1.0E-10	1.0E+10	1E-30	1.0E-10	1.0E+10	1E-30	1.0E-10	1.0E+10	1E-30	1.0E-10	1.0E+10	1E-30	1.0E-10	1.0E+10	1E-30	1.0E-10
6	0.0000000000005	1.0E+10	1.0E+10	1E-30	0.00000000021	1.0E+10	1E-30	1.0E+10	0.41557561419592	3.3279782506704E-12	1.49750584037917E-11	100000	4.59388881016606E-11	1.01243820423042E-12	0.363638324399216	1.0E+10	1E-30	1.0E-10	1.0E+10	1E-30	1.0E-10	1.0E+10	1E-30	1.0E-10	1.0E+10	1E-30	1.0E-10	1.0E+10	1E-30	1.0E-10	1.0E+10	1E-30	1.0E-10	1.0E+10	1E-30	1.0E-10	1.0E+10	1E-30	1.0E-10	1.0E+10	1E-30	1.0E-10	1.0E+10	1E-30	1.0E-10	1.0E+10	1E-30	1.0E-10	1.0E+10	1E-30	1.0E-10	1.0E+10	1E-30	1.0E-10
7	0.0000000000005	1.0E+10	1.0E+10	1E-30	0.00000000021	1.0E+10	1E-30	1.0E+10	0.41557561419592	3.3279782506704E-12	1.49750584037917E-11	100000	4.59388881016606E-11	1.01243820423042E-12	0.363638324399216	1.0E+10	1E-30	1.0E-10	1.0E+10	1E-30	1.0E-10	1.0E+10	1E-30	1.0E-10	1.0E+10	1E-30	1.0E-10	1.0E+10	1E-30	1.0E-10	1.0E+10	1E-30	1.0E-10	1.0E+10	1E-30	1.0E-10	1.0E+10	1E-30	1.0E-10	1.0E+10	1E-30	1.0E-10	1.0E+10	1E-30	1.0E-10	1.0E+10	1E-30	1.0E-10	1.0E+10	1E-30	1.0E-10	1.0E+10	1E-30	1.0E-10
8	0.0000000000006	1.0E+10	1.0E+10	1E-30	2.10056484000698E-10	1.0E+10	1E-30	1.0E+10	0.425017994049334	5.21485949544578E-11	1.17572673165951E-12	0.582918066399144	2.17391526275091E-12	2.09077063874246E-11	100000	1.0E+10	1E-30	1.0E-10	1.0E+10	1E-30	1.0E-10	1.0E+10	1E-30	1.0E-10	1.0E+10	1E-30	1.0E-10	1.0E+10	1E-30	1.0E-10	1.0E+10	1E-30	1.0E-10	1.0E+10	1E-30	1.0E-10	1.0E+10	1E-30	1.0E-10	1.0E+10	1E-30	1.0E-10	1.0E+10	1E-30	1.0E-10	1.0E+10	1E-30	1.0E-10	1.0E+10	1E-30	1.0E-10	1.0E+10	1E-30	1.0E-10
9	0.0000000000006	1.0E+10	1.0E+10	1E-30	2.10056484000698E-10	1.0E+10	1E-30	1.0E+10	0.425017994049334	5.21485949544578E-11	1.17572673165951E-12	0.582918066399144	2.17391526275091E-12	2.09077063874246E-11	100000	1.0E+10	1E-30	1.0E-10	1.0E+10	1E-30	1.0E-10	1.0E+10	1E-30	1.0E-10	1.0E+10	1E-30	1.0E-10	1.0E+10	1E-30	1.0E-10	1.0E+10	1E-30	1.0E-10	1.0E+10	1E-30	1.0E-10	1.0E+10	1E-30	1.0E-10	1.0E+10	1E-30	1.0E-10	1.0E+10	1E-30	1.0E-10	1.0E+10	1E-30	1.0E-10	1.0E+10	1E-30	1.0E-10	1.0E+10	1E-30	1.0E-10
10	0.0000000000007	1.0E+10	1.0E+10	1E-30	1.9454736175711E-10	1.0E+10	1E-30	1.0E+10	0.398062830099159	1.12149489549464E-10	6.276993847995E-13	0.290437591124206	1.73698993216762E-12	2.55712349757091E-11	100000	1.0E+10	1E-30	1.0E-10	1.0E+10	1E-30	1.0E-10	1.0E+10	1E-30	1.0E-10	1.0E+10	1E-30	1.0E-10	1.0E+10	1E-30	1.0E-10	1.0E+10	1E-30	1.0E-10	1.0E+10	1E-30	1.0E-10	1.0E+10	1E-30	1.0E-10	1.0E+10	1E-30	1.0E-10	1.0E+10	1E-30	1.0E-10	1.0E+10	1E-30	1.0E-10	1.0E+10	1E-30	1.0E-10	1.0E+10	1E-30	1.0E-10
11	0.0000000000007	1.0E+10	1.0E+10	1E-30	1.9454736175711E-10	1.0E+10	1E-30	1.0E+10	0.398062830099159	1.12149489549464E-10	6.276993847995E-13	0.290437591124206	1.73698993216762E-12	2.55712349757091E-11	100000	1.0E+10	1E-30	1.0E-10	1.0E+10	1E-30	1.0E-10	1.0E+10	1E-30	1.0E-10	1.0E+10	1E-30	1.0E-10	1.0E+10	1E-30	1.0E-10	1.0E+10	1E-30	1.0E-10	1.0E+10	1E-30	1.0E-10	1.0E+10	1E-30	1.0E-10	1.0E+10	1E-30	1.0E-10	1.0E+10	1E-30	1.0E-10	1.0E+10	1E-30	1.0E-10	1.0E+10	1E-30	1.0E-10	1.0E+10	1E-30	1.0E-10
12	0.0000000000008	1.0E+10	1.0E+10	1E-30	1.94581478335645E-10	1.0E+10	1E-30	1.0E+10	0.397262467354968	1.81915425459168E-11	3.48931952921045E-12	2.46575887616109	1.74649268886644E-12	2.66306785424763E-11	100000	1.0E+10	1E-30	1.0E-10	1.0E+10	1E-30	1.0E-10	1.0E+10	1E-30	1.0E-10	1.0E+10	1E-30	1.0E-10	1.0E+10	1E-30	1.0E-10	1.0E+10	1E-30	1.0E-10	1.0E+10	1E-30	1.0E-10	1.0E+10	1E-30	1.0E-10	1.0E+10	1E-30	1.0E-10	1.0E+10	1E-30	1.0E-10	1.0E+10	1E-30	1.0E-10	1.0E+10	1E-30	1.0E-10	1.0E+10	1E-30	1.0E-10
13	0.0000000000008	1.0E+10	1.0E+10	1E-30	1.94581478335645E-10	1.0E+10	1E-30	1.0E+10	0.397262467354968	1.81915425459168E-11	3.48931952921045E-12	2.46575887616109	1.74649268886644E-12	2.66306785424763E-11	100000	1.0E+10	1E-30	1.0E-10	1.0E+10	1E-30	1.0E-10	1.0E+10	1E-30	1.0E-10	1.0E+10	1E-30	1.0E-10	1.0E+10	1E-30	1.0E-10	1.0E+10	1E-30	1.0E-10	1.0E+10	1E-30	1.0E-10	1.0E+10	1E-30	1.0E-10	1.0E+10	1E-30	1.0E-10	1.0E+10	1E-30	1.0E-10	1.0E+10	1E-30	1.0E-10	1.0E+10	1E-30	1.0E-10	1.0E+10	1E-30	1.0E-10
14	0.0000000000009	1.0E+10	1.0E+10	1E-30	1.97745468643579E-10	1.0E+10	1E-30	1.0E+10	0.403332319955333	1.35001862221803E-11	4.97976954701935E-12	2.35781848446519	2.57240745315533E-12	1.93735516545825E-11	100000	1.0E+10	1E-30	1.0E-10	1.0E+10	1E-30	1.0E-10	1.0E+10	1E-30	1.0E-10	1.0E+10	1E-30	1.0E-10	1.0E+10	1E-30	1.0E-10	1.0E+10	1E-30	1.0E-10	1.0E+10	1E-30	1.0E-10	1.0E+10	1E-30	1.0E-10	1.0E+10	1E-30	1.0E-10	1.0E+10	1E-30	1.0E-10	1.0E+10	1E-30	1.0E-10	1.0E+10	1E-30	1.0E-10	1.0E+10	1E-30	1.0E-10
15	0.0000000000009	1.0E+10	1.0E+10	1E-30	1.97745468643579E-10	1.0E+10	1E-30	1.0E+10	0.403332319955333	1.35001862221803E-11	4.97976954701935E-12	2.35781848446519	2.57240745315533E-12	1.93735516545825E-11	100000	1.0E+10	1E-30	1.0E-10	1.0E+10	1E-30	1.0E-10	1.0E+10	1E-30	1.0E-10	1.0E+10	1E-30	1.0E-10	1.0E+10	1E-30	1.0E-10	1.0E+10	1E-30	1.0E-10	1.0E+10	1E-30	1.0E-10	1.0E+10	1E-30	1.0E-10	1.0E+10	1E-30	1.0E-10	1.0E+10	1E-30	1.0E-10	1.0E+10	1E-30	1.0E-10	1.0E+10	1E-30	1.0E-10	1.0E+10	1E-30	1.0E-10
16	0.000000000001	1.0E+10	1.0E+10	1E-30	1.88952553692051E-10	1.0E+10	1E-30	1.0E+10	0.412091224021104	5.80500569350557E-11	1.0607061912955E-12	0.559780133817934	7.30375725687706E-13	5.17610018211945E-11	100000	1.0E+10	1E-30	1.0E-10	1.0E+10	1E-30	1.0E-10	1.0E+10	1E-30	1.0E-10	1.0E+10	1E-30	1.0E-10	1.0E+10	1E-30	1.0E-10	1.0E+10	1E-30	1.0E-10	1.0E+10	1E-30	1.0E-10	1.0E+10	1E-30	1.0E-10	1.0E+10	1E-30	1.0E-10	1.0E+10	1E-30	1.0E-10	1.0E+10	1E-30	1.0E-10	1.0E+10	1E-30	1.0E-10	1.0E+10	1E-30	1.0E-10
17	0.000000000001	1.0E+10	1.0E+10	1E-30	1.88952553692051E-10	1.0E+10	1E-30	1.0E+10	0.412091224021104	5.80500569350557E-11	1.0607061912955E-12	0.559780133817934	7.30375725687706E-13	5.17610018211945E-11	100000	1.0E+10	1E-30	1.0E-10	1.0E+10	1E-30	1.0E-10	1.0E+10	1E-30	1.0E-10	1.0E+10	1E-30	1.0E-10	1.0E+10	1E-30	1.0E-10	1.0E+10	1E-30	1.0E-10	1.0E+10	1E-30	1.0E-10	1.0E+10	1E-30	1.0E-10	1.0E+10	1E-30	1.0E-10	1.0E+10	1E-30	1.0E-10	1.0E+10	1E-30	1.0E-10	1.0E+10	1E-30	1.0E-10	1.0E+10	1E-30	1.0E-10
18	0.000000000001	1.0E+10	1.0E+10	1E-30	1.88952553692051E-10	1.0E+10	1E-30	1.0E+10	0.412091224021104	5.80500569350557E-11	1.0607061912955E-12	0.559780133817934	7.30375725687706E-13	5.17610018211945E-11	100000	1.0E+10	1E-30	1.0E-10	1.0E+10	1E-30	1.0E-10	1.0E+10	1E-30	1.0E-10	1.0E+10	1E-30	1.0E-10	1.0E+10	1E-30	1.0E-10	1.0E+10	1E-30	1.0E-10	1.0E+10	1E-30	1.0E-10	1.0E+10	1E-30	1.0E-10	1.0E+10	1E-30	1.0E-10	1.0E+10	1E-30	1.0E-10	1.0E+10	1E-30	1.0E-10	1.0E+10	1E-30	1.0E-10	1.0E+10	1E-30	1.0E-10
19	0.0000000000011	1.0E+10	1.0E+10	1E-30	2.00380214750069E-10	1.0E+10	1E-30	1.0E+10	0.382375302878991	5.47484900469764E-11	1.05739711636281E-12	0.392146177232902	1.11393843008521E-12	3.89661786363263E-11	100000	1.0E+10	1E-30	1.0E-10	1.0E+10	1E-30	1.0E-10	1.0E+10	1E-30	1.0E-10	1.0E+10	1E-30	1.0E-10	1.0E+10	1E-30	1.0E-10	1.0E+10	1E-30	1.0E-10	1.0E+10	1E-30	1.0E-10	1.0E+10	1E-30	1.0E-10	1.0E+10	1E-30	1.0E-10	1.0E+10	1E-30	1.0E-10	1.0E+10	1E-30	1.0E-10	1.0E+10	1E-30	1.0E-10	1.0E+10	1E-30	1.0E-10
20	0.0000000000011	1.0E+10	1.0E+10	1E-30	2.00380214750069E-10	1.0E+10	1E-30	1.0E+10	0.382375302878991	5.47484900469764E-11	1.05739711636281E-12	0.392146177232902	1.11393843008521E-12	3.89661786363263E-11	100000	1.0E+10	1E-30	1.0E-10	1.0E+10	1E-30	1.0E-10	1.0E+10	1E-30	1.0E-10	1.0E+10	1E-30	1.0E-10	1.0E+10	1E-30	1.0E-10	1.0E+10	1E-30	1.0E-10	1.0E+10	1E-30	1.0E-10	1.0E+10	1E-30	1.0E-10	1.0E+10	1E-30	1.0E-10	1.0E+10	1E-30	1.0E-10	1.0E+10	1E-30	1.0E-10	1.0E+10	1E-30	1.0E-10	1.0E+10	1E-30	1.0E-10
21	0.0000000000011	1.0E+10	1.0E+10	1E-30	2.00380214750069E-10	1.0E+10	1E-30	1.0E+10	0.382375302878991	5.47484900469764E-11	1.05739711636281E-12	0.392146177232902	1.11393843008521E-12	3.89661786363263E-11	100000	1.0E+10	1E-30	1.0E-10	1.0E+10	1E-30	1.0E-10	1.0E+10	1E-30	1.0E-10	1.0E+10	1E-30	1.0E-10	1.0E+10	1E-30	1.0E-10	1.0E+10	1E-30	1.0E-10	1.0E+10	1E-30	1.0E-10	1.0E+10	1E-30	1.0E-10	1.0E+10	1E-30	1.0E-10	1.0E+10	1E-30	1.0E-10	1.0E+10	1E-30	1.0E-10	1.0E+10	1E-30	1.0E-10	1.0E+10	1E-30	1.0E-10
22	0.0000000000012	1.0E+10	1.0E+10	1E-30	1.58507353772795E-10	1.0E+10	1E-30	1.0E+10	0.381935483772804	3.92425895248194E-11	1.75288962241529E-12	0.685492144993745	4.94475927869067E-13	7.50542218380442E-11	100000	1.0E+10	1E-30	1.0E-10	1.0E+10	1E-30	1.0E-10	1.0E+10	1E-30	1.0E-10	1.0E+10	1E-30	1.0E-10	1.0E+10	1E-30	1.0E-10	1.0E+10	1E-30	1.0E-10	1.0E+10	1E-30	1.0E-10	1.0E+10	1E-30	1.0E-10	1.0E+10	1E-30	1.0E-10	1.0E+10	1E-30	1.0E-10	1.0E+10	1E-30	1.0E-10	1.0E+10	1E-30	1.0E-10	1.0E+10	1E-30	1.0E-10
23	0.0000000000012	1.0E+10	1.0E+10	1E-30	1.58507353772795E-10	1.0E+10	1E-30	1.0E+10	0.381935483772804	3.92425895248194E-11	1.75288962241529E-12	0.685492144993745	4.94475927869067E-13	7.50542218380442E-11	100000	1.0E+10	1E-30	1.0E-10	1.0E+10	1E-30	1.0E-10	1.0E+10	1E-30	1.0E-10	1.0E+10	1E-30	1.0E-10	1.0E+10	1E-30	1.0E-10	1.0E+10	1E-30	1.0E-10	1.0E+10	1E-30	1.0E-10	1.0E+10	1E-30	1.0E-10	1.0E+10	1E-30	1.0E-10	1.0E+10	1E-30	1.0E-10	1.0E+10	1E-30	1.0E-10	1.0E+10	1E-30	1.0E-10	1.0E+10	1E-30	1.0E-10
24	0.0000000000012	1.0E+10	1.0E+10	1E-30	1.58507353772795E-10	1.0E+10	1E-30	1.0E+10	0.381935483772804	3.92425895248194E-11	1.75288962241529E-12	0.685492144993745	4.94475927869067E-13	7.50542218380442E-11	100000	1.0E+10	1E-30	1.0E-10	1.0E+10	1E-30	1.0E-10	1.0E+10	1E-30	1.0E-10	1.0E+10	1E-30	1.0E-10	1.0E+10	1E-30	1.0E-10	1.0E+10	1E-30	1.0E-10	1.0E+10	1E-30	1.0E-10	1.0E+10	1E-30	1.0E-10	1.0E+10	1E-30	1.0E-10	1.0E+10	1E-30	1.0E-10	1.0E+10	1E-30	1.0E-10	1.0E+10	1E-30	1.0E-10	1.0E+10	1E-30	1.0E-10
25	0.0000000000013	1.0E+10	1.0E+10	1E-30	1.78486999139066E-10	1.0E+10	1E-30	1.0E+10	0.370538354523655	2.07113463359147E-11	3.51885957945733E-12	1.46423842860185	6.54950278300731E-13	5.83985328717862E-11	100000	1.0E+10	1E-30	1.0E-10	1.0E+10	1E-30	1.0E-10	1.0E+10	1E-30	1.0E-10	1.0E+10	1E-30	1.0E-10	1.0E+10	1E-30	1.0E-10	1.0E+10	1E-30	1.0E-10	1.0E+10	1E-30	1.0E-10	1.0E+10	1E-30	1.0E-10	1.0E+10	1E-30	1.0E-10	1.0E+10	1E-30	1.0E-10	1.0E+10	1E-30	1.0E-10	1.0E+10	1E-30	1.0E-10	1.0E+10	1E-30	1.0E-10
26	0.0000000000013	1.0E+10	1.0E+10	1E-30	1.78486999139066E-10	1.0E+10	1E-30	1.0E+10	0.370538354523655	2.07113463359147E-11	3.51885957945733E-12	1.46423842860185	6.54950278300731E-13	5.83985328717862E-11	100000	1.0E+10	1E-30	1.0E-10	1.0E+10	1E-30	1.0E-10	1.0E+10	1E-30	1.0E-10	1.0E+10	1E-30	1.0E-10	1.0E+10	1E-30	1.0E-10	1.0E+10	1E-30	1.0E-10	1.0E+10	1E-30	1.0E-10	1.0E+10	1E-30	1.0E-10	1.0E+10	1E-30	1.0E-10	1.0E+10	1E-30	1.0E-10	1.0E+10	1E-30	1.0E-10	1.0E+10	1E-30	1.0E-10	1.0E+10	1E-30	1.0E-10
27	0.0000000000013	1.0E+10	1.0E+10	1E-30	1.78486999139066E-10	1.0E+10	1E-30	1.0E+10	0.370538354523655	2.07113463359147E-11	3.51885957945733E-12	1.46423842860185	6.54950278300731E-13	5.83985328717862E-11	100000	1.0E+10	1E-30	1.0E-10	1.0E+10	1E-30	1.0E-10	1.0E+10	1E-30	1.0E-10	1.0E+10	1E-30	1.0E-10	1.0E+10	1E-30	1.0E-10	1.0E+10	1E-30	1.0E-10	1.0E+10	1E-30	1.0E-10	1.0E+10	1E-30	1.0E-10	1.0E+10	1E-30	1.0E-10	1.0E+10	1E-30	1.0E-10	1.0E+10	1E-30	1.0E-10	1.0E+10	1E-30	1.0E-10	1.0E+10	1E-30	1.0E-10
28	0.0000000000015	1.0E+10	1.0E+10	1E-30	1.06940101529003E-10	1.0E+10	1E-30	1.0E+10	0.360081311993801	2.64154639713103E-11	2.40299033705678E-12	0.851063349762729	2.70307591696865E-13	1.07337635566058E-10	100000	1.0E+10	1E-30	1.0E-10	1.0E+10	1E-30	1.0E-10	1.0E+10	1E-30	1.0E-10	1.0E+10	1E-30	1.0E-10	1.0E+10	1E-30	1.0E-10	1.0E+10	1E-30	1.0E-10	1.0E+10	1E-30	1.0E-10	1.0E+10	1E-30	1.0E-10	1.0E+10	1E-30	1.0E-10	1.0E+10	1E-30	1.0E-10	1.0E+10	1E-30	1.0E-10	1.0E+10	1E-30	1.0E-10	1.0E+10	1E-30	1.0E-10
29	0.0000000000015	1.0E+10	1.0E+10	1E-30	1.06940101529003E-10	1.0E+10	1E-30	1.0E+10	0.360081311993801	2.64154639713103E-11	2.40299033705678E-12	0.851063349762729	2.70307591696865E-13	1.07337635566058E-10	100000	1.0E+10	1E-30	1.0E-10	1.0E+10	1E-30	1.0E-10	1.0E+10	1E-30	1.0E-10	1.0E+10	1E-30	1.0E-10	1.0E+10	1E-30	1.0E-10	1.0E+10	1E-30	1.0E-10	1.0E+10	1E-30	1.0E-10	1.0E+10	1E-30	1.0E-10	1.0E+10	1E-30	1.0E-10	1.0E+10	1E-30	1.0E-10	1.0E+10	1E-30	1.0E-10	1.0E+10	1E-30	1.0E-10	1.0E+10	1E-30	1.0E-10
30	0.0000000000015	1.0E+10	1.0E+10	1E-30	1.06940101529003E-10	1.0E+10	1E-30	1.0E+10	0.360081311993801	2.64154639713103E-11	2.40299033705678E-12	0.851063349762729	2.70307591696865E-13	1.07337635566058E-10	100000	1.0E+10	1E-30	1.0E-10	1.0E+10	1E-30	1.0E-10	1.0E+10	1E-30	1.0E-10	1.0E+10	1E-30	1.0E-10	1.0E+10	1E-30	1.0E-10	1.0E+10	1E-30	1.0E-10	1.0E+10	1E-30	1.0E-10	1.0E+10	1E-30	1.0E-10	1.0E+10	1E-30	1.0E-10	1.0E+10	1E-30	1.0E-10	1.0E+10	1E-30	1.0E-10	1.0E+10	1E-30	1.0E-10	1.0E+10	1E-30	1.0E-10
31	0.0000000000016	1.0E+10	1.0E+10	1E-30	1.48921546409881E-10	1.0E+10	1E-30	1.0E+10	0.323790662450136	1.95307205987659E-10	5.39376474697651E-13	0.538396049378135	4.90589520696446E-11	1.70565817635676E-12	2.09460369094664	1.82271289964626E-11	3.32576838420238E-12	2.1433932785511	4.90589520696446E-13	7.11036672388978E-11	100000	1.0E+10	1E-30	1.0E-10	1.0E+10	1E-30	1.0E-10	1.0E+10	1E-30	1.0E-10	1.0E+10	1E-30	1.0E-10	1.0E+10	1E-30	1.0E-10	1.0E+10	1E-30	1.0E-10	1.0E+10	1E-30	1.0E-10	1.0E+10	1E-30	1.0E-10	1.0E+10	1E-30	1.0E-10	1.0E+10	1E-30	1.0E-10	1.0E+10	1E-30	1.0E-10
32	0.0000000000016	1.0E+10	1.0E+10	1E-30	1.48921546409881E-10	1.0E+10	1E-30	1.0E+10	0.323790662450136	1.95307205987659E-10	5.39376474697651E-13	0.538396049378135	4.90589520696446E-11	1.70565817635676E-12	2.09460369094664	1.82271289964626E-11	3.32576838420238E-12	2.1433932785511	4.90589520696446E-13	7.11036672388978E-11	100000	1.0E+10	1E-30	1.0E-10	1.0E+10	1E-30	1.0E-10	1.0E+10	1E-30	1.0E-10	1.0E+10	1E-30	1.0E-10	1.0E+10	1E-30	1.0E-10	1.0E+10	1E-30	1.0E-10	1.0E+10	1E-30	1.0E-10	1.0E+10	1E-30	1.0E-10	1.0E+10	1E-30	1.0E-10	1.0E+10	1E-30	1.0E-10	1.0E+10	1E-30	1.0E-10
33	0.0000000000016	1.0E+10	1.0E+10	1E-30	1.48921546409881E-10	1.0E+10	1E-30	1.0E+10	0.323790662450136	1.95307205987659E-10	5.39376474697651E-13	0.538396049378135	4.90589520696446E-11	1.70565817635676E-12	2.09460369094664	1.82271289964626E-11	3.32576838420238E-12	2.1433932785511	4.90589520696446E-13	7.11036672388978E-11	100000	1.0E+10	1E-30	1.0E-10	1.0E+10	1E-30	1.0E-10	1.0E+10	1E-30	1.0E-10	1.0E+10	1E-30	1.0E-10	1.0E+10	1E-30	1.0E-10	1.0E+10	1E-30	1.0E-10	1.0E+10	1E-30	1.0E-10	1.0E+10	1E-30	1.0E-10	1.0E+10	1E-30	1.0E-10	1.0E+10	1E-30	1.0E-10	1.0E+10	1E-30	1.0E-10
34	0.0000000000018	1.0E+10	1.0E+10	1E-30	1.451107206456E-10	1.0E+10	1E-30	1.0E+10	0.317159838153159	2.75878761192938E-10	3.8184930145818E-13	0.26983722658368	1.07329292649149E-10	8.16379330420498E-13	0.778219062183645	8.52546875642043E-11	7.11036672388978E-13	0.814895396649892	4.57844780115893E-13	7.11036672388978E-11	100000	1.0E+10	1E-30	1.0E-10	1.0E+10	1E-30	1.0E-10	1.0E+10	1E-30	1.0E-10	1.0E+10	1E-30	1.0E-10	1.0E+10	1E-30	1.0E-10	1.0E+10	1E-30	1.0E-10	1.0E+10	1E-30	1.0E-10	1.0E+10	1E-30	1.0E-10	1.0E+10	1E-30	1.0E-10	1.0E+10	1E-30	1.0E-10	1.0E+10	1E-30	1.0E-10
35	0.0000000000018	1.0E+10	1.0E+10	1E-30	1.451107206456E-10	1.0E+10	1E-30	1.0E+10	0.317159838153159	2.75878761192938E-10	3.8184930145818E-13	0.26983722658368	1.07329292649149E-10	8.16379330420498E-13	0.778219062183645	8.52546875642043E-11	7.11036672388978E-13	0.814895396649892	4.57844780115893E-13	7.11036672388978E-11	100000	1.0E+10	1E-30	1.0E-10	1.0E+10	1E-30	1.0E-10	1.0E+10	1E-30	1.0E-10	1.0E+10	1E-30	1.0E-10	1.0E+10	1E-30	1.0E-10	1.0E+10	1E-30	1.0E-10	1.0E+10	1E-30	1.0E-10	1.0E+10	1E-30	1.0E-10	1.0E+10	1E-30	1.0E-10	1.0E+10	1E-30	1.0E-10	1.0E+10	1E-30	1.0E-10
36	0.0000000000018	1.0E+10	1.0E+10	1E-30	1.451107206456E-10	1.0E+10	1E-30	1.0E+10	0.317159838153159	2.75878761192938E-10	3.8184930145818E-13	0.26983722658368	1.07329292649149E-10	8.16379330420498E-13	0.778219062183645	8.52546875642043E-11	7.11036672388978E-13	0.814895396649892	4.57844780115893E-13	7.11036672388978E-11	100000	1.0E+10	1E-30	1.0E-10	1.0E+10	1E-30	1.0E-10	1.0E+10	1E-30	1.0E-10	1.0E+10	1E-30	1.0E-10	1.0E+10	1E-30	1.0E-10	1.0E+10	1E-30	1.0E-10	1.0E+10	1E-30	1.0E-10	1.0E+10	1E-30	1.0E-10	1.0E+10	1E-30	1.0E-10	1.0E+10	1E-30	1.0E-10	1.0E+10	1E-30	1.0E-10
37	0.000000000002	1.0E+10	1.0E+10	1E-30	1.7579658785537E-10	1.0E+10	1E-30	1.0E+10	0.300530416152809	1.41487563279233E-10	7.7963620793272E-13	0.677800468171722	3.31679222848579E-11	2.6417517297253E-12	2.00033099550718	4.68509355044916E-11	1.3548524482685E-12	1.51740623582755	7.95643038323974E-13	4.69777270740521E-11	100000	1.0E+10	1E-30	1.0E-10	1.0E+10	1E-30	1.0E-10	1.0E+10	1E-30	1.0E-10	1.0E+10	1E-30	1.0E-10	1.0E+10	1E-30	1.0E-10	1.0E+10	1E-30	1.0E-10	1.0E+10	1E-30	1.0E-10	1.0E+10	1E-30	1.0E-10	1.0E+10	1E-30	1.0E-10	1.0E+10	1E-30	1.0E-10	1.0E+10	1E-30	1.0E-10
38	0.000000000002	1.0E+10	1.0E+10	1E-30	1.7579658785537E-10	1.0E+10	1E-30	1.0E+10	0.300530416152809	1.41487563279233E-10	7.7963620793272E-13	0.677800468171722	3.31679222848579E-11	2.6417517297253E-12	2.00033099550718	4.68509355044916E-11	1.3548524482685E-12	1.51740623582755	7.95643038323974E-13	4.69777270740521E-11	100000	1.0E+10	1E-30	1.0E-10	1.0E+10	1E-30	1.0E-10	1.0E+10	1E-30	1.0E-10	1.0E+10	1E-30	1.0E-10	1.0E+10	1E-30	1.0E-10	1.0E+10	1E-30	1.0E-10	1.0E+10	1E-30	1.0E-10	1.0E+10	1E-30	1.0E-10	1.0E+10	1E-30	1.0E-10	1.0E+10	1E-30	1.0E-10	1.0E+10	1E-30	1.0E-10
39	0.000000000002	1.0E+10	1.0E+10	1E-30	1.7579658785537E-10	1.0E+10	1E-30	1.0E+10	0.300530416152809	1.41487563279233E-10	7.7963620793272E-13	0.677800468171722	3.31679222848579E-11	2.6417517297253E-12	2.00033099550718	4.68509355044916E-11	1.3548524482685E-12	1.51740623582755	7.95643038323974E-13	4.69777270740521E-11	100000	1.0E+10	1E-30	1.0E-10	1.0E+10	1E-30	1.0E-10	1.0E+10	1E-30	1.0E-10	1.0E+10	1E-30	1.0E-10	1.0E+10	1E-30	1.0E-10	1.0E+10	1E-30	1.0E-10	1.0E+10	1E-30	1.0E-10	1.0E+10	1E-30	1.0E-10	1.0E+10	1E-30	1.0E-10	1.0E+10	1E-30	1.0E-10	1.0E+10	1E-30	1.0E-10
40	0.0000000000022	1.0E+10	1.0E+10	1E-30	0.0000000002	1.0E+10	1E-30	1.0E+10	0.3	1E-30	8.55081297981337E-13	4.29810739833631E-02	8.55146581078537E-10	3.82502568034153E-13	0.304811350951267	1.65115937931503E-10	1.89980373175004E-12	100000	9.80360977501228E-11	1.79428635726345E-12	0.192322960563632	1.0E+10	1E-30	1.0E-10	1.0E+10	1E-30	1.0E-10	1.0E+10	1E-30	1.0E-10	1.0E+10	1E-30	1.0E-10	1.0E+10	1E-30	1.0E-10	1.0E+10	1E-30	1.0E-10	1.0E+10	1E-30	1.0E-10	1.0E+10	1E-30	1.0E-10	1.0E+10	1E-30	1.0E-10	1.0E+10	1E-30	1.0E-10	1.0E+10	1E-30	1.0E-10
41	0.0000000000022	1.0E+10	1.0E+10	1E-30	0.0000000002	1.0E+10	1E-30	1.0E+10	0.3	1E-30	8.55081297981337E-13	4.29810739833631E-02	8.55146581078537E-10	3.82502568034153E-13	0.304811350951267	1.65115937931503E-10	1.89980373175004E-12	100000	9.80360977501228E-11	1.79428635726345E-12	0.192322960563632	1.0E+10	1E-30	1.0E-10	1.0E+10	1E-30	1.0E-10	1.0E+10	1E-30	1.0E-10	1.0E+10	1E-30	1.0E-10	1.0E+10	1E-30	1.0E-10	1.0E+10	1E-30	1.0E-10	1.0E+10	1E-30	1.0E-10	1.0E+10	1E-30	1.0E-10	1.0E+10	1E-30	1.0E-10	1.0E+10	1E-30	1.0E-10	1.0E+10	1E-30	1.0E-10
42	0.0000000000022	1.0E+10	1.0E+10	1E-30	0.0000000002	1.0E+10	1E-30	1.0E+10	0.3	1E-30	8.55081297981337E-13	4.29810739833631E-02	8.55146581078537E-10	3.82502568034153E-13	0.304811350951267	1.65115937931503E-10	1.89980373175004E-12	100000	9.80360977501228E-11	1.79428635726345E-12	0.192322960563632	1.0E+10	1E-30	1.0E-10	1.0E+10	1E-30	1.0E-10	1.0E+10	1E-30	1.0E-10	1.0E+10	1E-30	1.0E-10	1.0E+10	1E-30	1.0E-10	1.0E+10	1E-30	1.0E-10	1.0E+10	1E-30	1.0E-10	1.0E+10	1E-30	1.0E-10	1.0E+10	1E-30	1.0E-10	1.0E+10	1E-30	1.0E-10	1.0E+10	1E-30	1.0E-10
43	0.0000000000024	1.0E+10	1.0E+10	1E-30	0.00000000019	1.0E+10	1E-30	1.0E+10	0.28	1E-30	5.10853834118284E-13	5.61713128313463E-02	4.53778422600643E-09	7.7260687921887E-14	1.64405965243487E-02	2.28549011998883E-11	1.08657758896244E-11	100000	1.0E+10	1E-30	1.0E-10	1.0E+10	1E-30	1.0E-10	1.0E+10	1E-30	1.0E-10	1.0E+10	1E-30	1.0E-10	1.0E+10	1E-30	1.0E-10	1.0E+10	1E-30	1.0E-10	1.0E+10	1E-30	1.0E-10	1.0E+10	1E-30	1.0E-10	1.0E+10	1E-30	1.0E-10	1.0E+10	1E-30	1.0E-10	1.0E+10	1E-30	1.0E-10	1.0E+10	1E-30	1.0E-10
44	0.0000000000024	1.0E+10	1.0E+10	1E-30	0.00000000019	1.0E+10	1E-30	1.0E+10	0.28	1E-30	5.10853834118284E-13	5.61713128313463E-02	4.53778422600643E-09	7.7260687921887E-14	1.64405965243487E-02	2.28549011998883E-11	1.08657758896244E-11	100000	1.0E+10	1E-30	1.0E-10	1.0E+10	1E-30	1.0E-10	1.0E+10	1E-30	1.0E-10	1.0E+10	1E-30	1.0E-10	1.0E+10	1E-30	1.0E-10	1.0E+10	1E-30	1.0E-10	1.0E+10	1E-30	1.0E-10	1.0E+10	1E-30	1.0E-10	1.0E+10	1E-30	1.0E-10	1.0E+10	1E-30	1.0E-10	1.0E+10	1E-30	1.0E-10	1.0E+10	1E-30	1.0E-10
45	0.0000000000024	1.0E+10	1.0E+10	1E-30	0.00000000019	1.0E+10	1E-30	1.0E+10	0.28	1E-30	5.10853834118284E-13	5.61713128313463E-02	4.53778422600643E-09	7.7260687921887E-14	1.64405965243487E-02	2.28549011998883E-11	1.08657758896244E-11	100000	1.0E+10	1E-30	1.0E-10	1.0E+10	1E-30	1.0E-10	1.0E+10	1E-30	1.0E-10	1.0E+10	1E-30	1.0E-10	1.0E+10	1E-30	1.0E-10	1.0E+10	1E-30	1.0E-10	1.0E+10	1E-30	1.0E-10	1.0E+10	1E-30	1.0E-10	1.0E+10	1E-30	1.0E-10	1.0E+10	1E-30	1.0E-10	1.0E+10	1E-30	1.0E-10	1.0E+10	1E-30	1.0E-10
46	0.0000000000027	1.0E+10	1.0E+10	1E-30	1.82402167871182E-10	1.0E+10	1E-30	1.0E+10	0.25	1E-30	4.80099100359606E-12	0.227573108208405	1.17513834343949E-11	2.11325105511104E-11	134100701.193865	1.0E+10	1E-30	1.0E-10	1.0E+10	1E-30	1.0E-10	1.0E+10	1E-30	1.0E-10	1.0E+10	1E-30	1.0E-10	1.0E+10	1E-30	1.0E-10	1.0E+10	1E-30	1.0E-10	1.0E+10	1E-30	1.0E-10	1.0E+10	1E-30	1.0E-10	1.0E+10	1E-30	1.0E-10	1.0E+10	1E-30	1.0E-10	1.0E+10	1E-30	1.0E-10	1.0E+10	1E-30	1.0E-10	1.0E+10	1E-30	1.0E-10
47	0.0000000000027	1.0E+10	1.0E+10	1E-30	1.82402167871182E-10	1.0E+10	1E-30	1.0E+10	0.25	1E-30	4.80099100359606E-12	0.227573108208405	1.17513834343949E-11	2.11325105511104E-11	134100701.193865	1.0E+10	1E-30	1.0E-10	1.0E+10	1E-30	1.0E-10	1.0E+10	1E-30	1.0E-10	1.0E+10	1E-30	1.0E-10	1.0E+10	1E-30	1.0E-10	1.0E+10	1E-30	1.0E-10	1.0E+10	1E-30	1.0E-10	1.0E+10	1E-30	1.0E-10	1.0E+10	1E-30	1.0E-10	1.0E+10	1E-30	1.0E-10	1.0E+10	1E-30	1.0E-10	1.0E+10	1E-30	1.0E-10	1.0E+10	1E-30	1.0E-10
48	0.0000000000027	1.0E+10	1.0E+10	1E-30	1.82402167871182E-10	1.0E+10	1E-30	1.0E+10	0.25	1E-30	4.80099100359606E-12	0.227573108208405	1.17513834343949E-11	2.11325105511104E-11	134100701.193865	1.0E+10	1E-30	1.0E-10	1.0E+10	1E-30	1.0E-10	1.0E+10	1E-30	1.0E-10	1.0E+10	1E-30	1.0E-10	1.0E+10	1E-30	1.0E-10	1.0E+10	1E-30	1.0E-10	1.0E+10	1E-30	1.0E-10	1.0E+10	1E-30	1.0E-10	1.0E+10	1E-30	1.0E-10	1.0E+10	1E-30	1.0E-10	1.0E+10	1E-30	1.0E-10	1.0E+10	1E-30	1.0E-10	1.0E+10	1E-30	1.0E-10
49	0.000000000003	1.0E+10	1.0E+10	1E-30	0.000000000215	1.0E+10	1E-30	1.0E+10	0.25	1E-30	6.38561252607984E-12	0.160487947204827	4.53993365792921E-11	6.96513152183707E-12	100000	1.0E+10	1E-30	1.0E-10	1.0E+10	1E-30	1.0E-10	1.0E+10	1E-30	1.0E-10	1.0E+10	1E-30	1.0E-10	1.0E+10	1E-30	1.0E-10	1.0E+10	1E-30	1.0E-10	1.0E+10	1E-30	1.0E-10	1.0E+10	1E-30	1.0E-10	1.0E+10	1E-30	1.0E-10	1.0E+10	1E-30	1.0E-10	1.0E+10	1E-30	1.0E-10	1.0E+10	1E-30	1.0E-10	1.0E+10	1E-30	1.0E-10
50	0.000000000003	1.0E+10	1.0E+10	1E-30	0.000000000215	1.0E+10	1E-30	1.0E+10	0.25	1E-30	6.38561252607984E-12	0.160487947204827	4.53993365792921E-11	6.96513152183707E-12	100000	1.0E+10	1E-30	1.0E-10	1.0E+10	1E-30	1.0E-10	1.0E+10	1E-30	1.0E-10	1.0E+10	1E-30	1.0E-10	1.0E+10	1E-30	1.0E-10	1.0E+10	1E-30	1.0E-10	1.0E+10	1E-30	1.0E-10	1.0E+10	1E-30	1.0E-10	1.0E+10	1E-30	1.0E-10	1.0E+10	1E-30	1.0E-10	1.0E+10	1E-30	1.0E-10	1.0E+10	1E-30	1.0E-10	1.0E+10	1E-30	1.0E-10
51	0.000000000003	1.0E+10	1.0E+10	1E-30	0.000000000215	1.0E+10	1E-30	1.0E+10	0.25	1E-30	6.38561252607984E-12	0.160487947204827	4.53993365792921E-11	6.96513152183707E-12	100000	1.0E+10	1E-30	1.0E-10	1.0E+10	1E-30	1.0E-10	1.0E+10	1E-30	1.0E-10	1.0E+10	1E-30	1.0E-10	1.0E+10	1E-30	1.0E-10	1.0E+10	1E-30	1.0E-10	1.0E+10	1E-30	1.0E-10	1.0E+10	1E-30	1.0E-10	1.0E+10	1E-30	1.0E-10	1.0E+10	1E-30	1.0E-10	1.0E+10	1E-30	1.0E-10	1.0E+10	1E-30	1.0E-10	1.0E+10	1E-30	1.0E-10
52	0.0000000000033	1.0E+10	1.0E+10	1E-30	1.95983403167368E-10	1.0E+10	1E-30	1.0E+10	0.22	1E-30	4.58321024426291E-12	0.273842530101859	1.61717410884491E-11	1.60798988279472E-11	100000	1.0E+10	1E-30	1.0E-10	1.0E+10	1E-30	1.0E-10	1.0E+10	1E-30	1.0E-10	1.0E+10	1E-30	1.0E-10	1.0E+10	1E-30	1.0E-10	1.0E+10	1E-30	1.0E-10	1.0E+10	1E-30	1.0E-10	1.0E+10	1E-30	1.0E-10	1.0E+10	1E-30	1.0E-10	1.0E+10	1E-30	1.0E-10	1.0E+10	1E-30	1.0E-10	1.0E+10	1E-30	1.0E-10	1.0E+10	1E-30	1.0E-10
53	0.0000000000033	1.0E+10	1.0E+10	1E-30	1.95983403167368E-10	1.0E+10	1E-30	1.0E+10	0.22	1E-30	4.58321024426291E-12	0.273842530101859	1.61717410884491E-11	1.60798988279472E-11	100000	1.0E+10	1E-30	1.0E-10	1.0E+10	1E-30	1.0E-10	1.0E+10	1E-30	1.0E-10	1.0E+10	1E-30	1.0E-10	1.0E+10	1E-30	1.0E-10	1.0E+10	1E-30	1.0E-10	1.0E+10	1E-30	1.0E-10	1.0E+10	1E-30	1.0E-10	1.0E+10	1E-30	1.0E-10	1.0E+10	1E-30	1.0E-10	1.0E+10	1E-30	1.0E-10	1.0E+10	1E-30	1.0E-10	1.0E+10	1E-30	1.0E-10
54	0.0000000000033	1.0E+10	1.0E+10	1E-30	1.95983403167368E-10	1.0E+10	1E-30	1.0E+10	0.22	1E-30	4.58321024426291E-12	0.273842530101859	1.61717410884491E-11	1.60798988279472E-11	100000	1.0E+10	1E-30	1.0E-10	1.0E+10	1E-30	1.0E-10	1.0E+10	1E-30	1.0E-10	1.0E+10	1E-30	1.0E-10	1.0E+10	1E-30	1.0E-10	1.0E+10	1E-30	1.0E-10	1.0E+10	1E-30	1.0E-10	1.0E+10	1E-30	1.0E-10	1.0E+10	1E-30	1.0E-10	1.0E+10	1E-30	1.0E-10	1.0E+10	1E-30	1.0E-10	1.0E+10	1E-30	1.0E-10	1.0E+10	1E-30	1.0E-10
55	0.0000000000036	1.0E+10	1.0E+10	1E-30	1.87162697008087E-10	1.0E+10	1E-30	1.0E+10	0.19	1.53158942706075E-11	0.0000000000166	100000000	2.55748687582673E-11	7.31725066018772E-12	1.7013521103871	1.0E+10	1E-30	1.0E-10	1.0E+10	1E-30	1.0E-10	1.0E+10	1E-30	1.0E-10	1.0E+10	1E-30	1.0E-10	1.0E+10	1E-30	1.0E-10	1.0E+10	1E-30	1.0E-10	1.0E+10	1E-30	1.0E-10	1.0E+10	1E-30	1.0E-10	1.0E+10	1E-30	1.0E-10	1.0E+10	1E-30	1.0E-10	1.0E+10	1E-30	1.0E-10	1.0E+10	1E-30	1.0E-10	1.0E+10	1E-30	1.0E-10
56	0.0000000000036	1.0E+10	1.0E+10	1E-30	1.87162697008087E-10	1.0E+10	1E-30	1.0E+10	0.19	1.53158942706075E-11	0.0000000000166	100000000	2.55748687582673E-11	7.31725066018772E-12	1.7013521103871	1.0E+10	1E-30	1.0E-10	1.0E+10	1E-30	1.0E-10	1.0E+10	1E-30	1.0E-10	1.0E+10	1E-30	1.0E-10	1.0E+10	1E-30	1.0E-10	1.0E+10	1E-30	1.0E-10	1.0E+10	1E-30	1.0E-10	1.0E+10	1E-30	1.0E-10	1.0E+10	1E-30	1.0E-10	1.0E+10	1E-30	1.0E-10	1.0E+10	1E-30	1.0E-10	1.0E+10	1E-30	1.0E-10	1.0E+10	1E-30	1.0E-10
57	0.0000000000036	1.0E+10	1.0E+10	1E-30	1.87162697008087E-10	1.0E+10	1E-30	1.0E+10	0.19	1.53158942706075E-11	0.0000000000166	100000000	2.55748687582673E-11	7.31725066018772E-12	1.7013521103871	1.0E+10	1E-30	1.0E-10	1.0E+10	1E-30	1.0E-10	1.0E+10	1E-30	1.0E-10	1.0E+10	1E-30	1.0E-10	1.0E+10	1E-30	1.0E-10	1.0E+10	1E-30	1.0E-10	1.0E+10	1E-30	1.0E-10	1.0E+10	1E-30	1.0E-10	1.0E+10	1E-30	1.0E-10	1.0E+10	1E-30	1.0E-10	1.0E+10	1E-30	1.0E-10	1.0E+10	1E-30	1.0E-10	1.0E+10	1E-30	1.0E-10
58	0.0000000000039	1.0E+10	1.0E+10	1E-30	0.000000000194	1.0E+10	1E-30	1.0E+10	0.18	1E-30	4.83521129845933E-12	0.174715341733883	1.38945035875179E-11	1.78729835760802E-11	100000	2.33294816204863E-11	1.58934510489817E-12	0.212727572218531	1.0E+10	1E-30	1.0E-10	1.0E+10	1E-30	1.0E-10	1.0E+10	1E-30	1.0E-10	1.0E+10	1E-30	1.0E-10	1.0E+10	1E-30	1.0E-10	1.0E+10	1E-30	1.0E-10	1.0E+10	1E-30	1.0E-10	1.0E+10	1E-30	1.0E-10	1.0E+10	1E-30	1.0E-10	1.0E+10	1E-30	1.0E-10	1.0E+10	1E-30	1.0E-10	1.0E+10	1E-30	1.0E-10
59	0.0000000000039	1.0E+10	1.0E+10	1E-30	0.000000000194	1.0E+10	1E-30	1.0E+10	0.18	1E-30	4.83521129845933E-12	0.174715341733883	1.38945035875179E-11	1.78729835760802E-11	100000	2.33294816204863E-11	1.58934510489817E-12	0.212727572218531	1.0E+10	1E-30	1.0E-10	1.0E+10	1E-30	1.0E-10	1.0E+10	1E-30	1.0E-10	1.0E+10	1E-30	1.0E-10	1.0E+10	1E-30	1.0E-10	1.0E+10	1E-30	1.0E-10	1.0E+10	1E-30	1.0E-10	1.0E+10	1E-30	1.0E-10	1.0E+10	1E-30	1.0E-10	1.0E+10	1E-30	1.0E-10	1.0E+10	1E-30	1.0E-10	1.0E+10	1E-30	1.0E-10
60	0.0000000000039	1.0E+10	1.0E+10	1E-30	0.000000000194	1.0E+10	1E-30	1.0E+10	0.18	1E-30	4.83521129845933E-12	0.174715341733883	1.38945035875179E-11	1.78729835760802E-11	100000	2.33294816204863E-11	1.58934510489817E-12	0.212727572218531	1.0E+10	1E-30	1.0E-10	1.0E+10	1E-30	1.0E-10	1.0E+10	1E-30	1.0E-10	1.0E+10	1E-30	1.0E-10	1.0E+10	1E-30	1.0E-10	1.0E+10	1E-30	1.0E-10	1.0E+10	1E-30	1.0E-10	1.0E+10	1E-30	1.0E-10	1.0E+10	1E-30	1.0E-10	1.0E+10	1E-30	1.0E-10	1.0E+10	1E-30	1.0E-10	1.0E+10	1E-30	1.0E-10
61	0.000000000004	1.0E+10	1.0E+10	1E-30	0.000000000201	1.0E+10	1E-30	1.0E+10	0.18	6.17912930144738E-11	5.25193352300693E-12	1.66184365979342	3.44773198271035E-11	8.86148678021104E-12	100000	1.0E+10	1E-30	1.0E-10	1.0E+10	1E-30	1.0E-10	1.0E+10	1E-30	1.0E-10	1.0E+10	1E-30	1.0E-10	1.0E+10	1E-30	1.0E-10	1.0E+10	1E-30	1.0E-10	1.0E+10	1E-30	1.0E-10	1.0E+10	1E-30	1.0E-10	1.0E+10	1E-30	1.0E-10	1.0E+10	1E-30	1.0E-10	1.0E+10	1E-30	1.0E-10	1.0E+10	1E-30	1.0E-10	1.0E+10	1E-30	1.0E-10
62	0.000000000004	1.0E+10	1.0E+10	1E-30	0.000000000201	1.0E+10	1E-30	1.0E+10	0.18	6.17912930144738E-11	5.25193352300693E-12	1.66184365979342	3.44773198271035E-11	8.86148678021104E-12	100000	1.0E+10	1E-30	1.0E-10	1.0E+10	1E-30	1.0E-10	1.0E+10	1E-30	1.0E-10	1.0E+10	1E-30	1.0E-10	1.0E+10	1E-30	1.0E-10	1.0E+10	1E-30	1.0E-10	1.0E+10	1E-30	1.0E-10	1.0E+10	1E-30	1.0E-10	1.0E+10	1E-30	1.0E-10	1.0E+10	1E-30	1.0E-10	1.0E+10	1E-30	1.0E-10	1.0E+10	1E-30	1.0E-10	1.0E+10	1E-30	1.0E-10
63	0.000000000004	1.0E+10	1.0E+10	1E-30	0.000000000201	1.0E+10	1E-30	1.0E+10	0.18	6.17912930144738E-11	5.25193352300693E-12	1.66184365979342	3.44773198271035E-11	8.86148678021104E-12	100000	1.0E+10	1E-30	1.0E-10	1.0E+10	1E-30	1.0E-10	1.0E+10	1E-30	1.0E-10	1.0E+10	1E-30	1.0E-10	1.0E+10	1E-30	1.0E-10	1.0E+10	1E-30	1.0E-10	1.0E+10	1E-30	1.0E-10	1.0E+10	1E-30	1.0E-10	1.0E+10	1E-30	1.0E-10	1.0E+10	1E-30	1.0E-10	1.0E+10	1E-30	1.0E-10	1.0E+10	1E-30	1.0E-10	1.0E+10	1E-30	1.0E-10
64	0.0000000000043	1.0E+10	1.0E+10	1E-30	0.000000000162	1.0E+10	1E-30	1.0E+10	0.17	1E-30	9.56866138731775E-12	0.302754805935057	6.50794683838185E-12	3.8158921789724E-11	100000000	1.0E+10	1E-30	1.0E-10	1.0E+10	1E-30	1.0E-10	1.0E+10	1E-30	1.0E-10	1.0E+10	1E-30	1.0E-10	1.0E+10	1E-30	1.0E-10	1.0E+10	1E-30	1.0E-10	1.0E+10	1E-30	1.0E-10	1.0E+10	1E-30	1.0E-10	1.0E+10	1E-30	1.0E-10	1.0E+10	1E-30	1.0E-10	1.0E+10	1E-30	1.0E-10	1.0E+10	1E-30	1.0E-10	1.0E+10	1E-30	1.0E-10
65	0.0000000000043	1.0E+10	1.0E+10	1E-30	0.000000000162	1.0E+10	1E-30	1.0E+10	0.17	1E-30	9.56866138731775E-12	0.302754805935057	6.50794683838185E-12	3.8158921789724E-11	100000000	1.0E+10	1E-30	1.0E-10	1.0E+10	1E-30	1.0E-10	1.0E+10	1E-30	1.0E-10	1.0E+10	1E-30	1.0E-10	1.0E+10	1E-30	1.0E-10	1.0E+10	1E-30	1.0E-10	1.0E+10	1E-30	1.0E-10	1.0E+10	1E-30	1.0E-10	1.0E+10	1E-30	1.0E-10	1.0E+10	1E-30	1.0E-10	1.0E+10	1E-30	1.0E-10	1.0E+10	1E-30	1.0E-10	1.0E+10	1E-30	1.0E-10
66	0.0000000000043	1.0E+10	1.0E+10	1E-30	0.000000000162	1.0E+10	1E-30	1.0E+10	0.17	1E-30	9.56866138731775E-12	0.302754805935057	6.50794683838185E-12	3.8158921789724E-11	100000000	1.0E+10	1E-30	1.0E-10	1.0E+10	1E-30	1.0E-10	1.0E+10	1E-30	1.0E-10	1.0E+10	1E-30	1.0E-10	1.0E+10	1E-30	1.0E-10	1.0E+10	1E-30	1.0E-10	1.0E+10	1E-30	1.0E-10	1.0E+10	1E-30	1.0E-10	1.0E+10	1E-30	1.0E-10	1.0E+10	1E-30	1.0E-10	1.0E+10	1E-30	1.0E-10	1.0E+10	1E-30	1.0E-10	1.0E+10	1E-30	1.0E-10
67	0.0000000000047	1.0E+10	1.0E+10	1E-30	1.55140674263872E-10	1.0E+10	1E-30	1.0E+10	0.165	7.54611822988067E-11	3.65773732273845E-12	0.198260663103986	3.80215317243464E-12	4.82138106387354E-11	3688651.4601479	1.0E+10	1E-30	1.0E-10	1.0E+10	1E-30	1.0E-10	1.0E+10	1E-30	1.0E-10	1.0E+10	1E-30	1.0E-10	1.0E+10	1E-30	1.0E-10	1.0E+10	1E-30	1.0E-10	1.0E+10	1E-30	1.0E-10	1.0E+10	1E-30	1.0E-10	1.0E+10	1E-30	1.0E-10	1.0E+10	1E-30	1.0E-10	1.0E+10	1E-30	1.0E-10	1.0E+10	1E-30	1.0E-10	1.0E+10	1E-30	1.0E-10
68	0.0000000000047	1.0E+10	1.0E+10	1E-30	1.55140674263872E-10	1.0E+10	1E-30	1.0E+10	0.165	7.54611822988067E-11	3.65773732273845E-12	0.198260663103986	3.80215317243464E-12	4.82138106387354E-11	3688651.4601479	1.0E+10	1E-30	1.0E-10	1.0E+10	1E-30	1.0E-10	1.0E+10	1E-30	1.0E-10	1.0E+10	1E-30	1.0E-10	1.0E+10	1E-30	1.0E-10	1.0E+10	1E-30	1.0E-10	1.0E+10	1E-30	1.0E-10	1.0E+10	1E-30	1.0E-10	1.0E+10	1E-30	1.0E-10	1.0E+10	1E-30	1.0E-10	1.0E+10	1E-30	1.0E-10	1.0E+10	1E-30	1.0E-10	1.0E+10	1E-30	1.0E-10
69	0.0000000000047	1.0E+10	1.0E+10	1E-30	1.55140674263872E-10	1.0E+10	1E-30	1.0E+10	0.165	7.54611822988067E-11	3.65773732273845E-12	0.198260663103986	3.80215317243464E-12	4.82138106387354E-11	3688651.4601479	1.0E+10	1E-30	1.0E-10	1.0E+10	1E-30	1.0E-10	1.0E+10	1E-30	1.0E-10	1.0E+10	1E-30	1.0E-10	1.0E+10	1E-30	1.0E-10	1.0E+10	1E-30	1.0E-10	1.0E+10	1E-30	1.0E-10	1.0E+10	1E-30	1.0E-10	1.0E+10	1E-30	1.0E-10	1.0E+10	1E-30	1.0E-10	1.0E+10	1E-30	1.0E-10	1.0E+10	1E-30	1.0E-10	1.0E+10	1E-30	1.0E-10
70	0.000000000005	1.0E+10	1.0E+10	1E-30	2.04658598456151E-10	1.0E+10	1E-30	1.0E+10	0.16	1E-30	1.43131158161829E-11	3.81312980090766	1.0E+10	1E-30	1.0E-10	1.0E+10	1E-30	1.0E-10	1.0E+10	1E-30	1.0E-10	1.0E+10	1E-30	1.0E-10	1.0E+10	1E-30	1.0E-10	1.0E+10	1E-30	1.0E-10	1.0E+10	1E-30	1.0E-10	1.0E+10	1E-30	1.0E-10	1.0E+10	1E-30	1.0E-10	1.0E+10	1E-30	1.0E-10	1.0E+10	1E-30	1.0E-10	1.0E+10	1E-30	1.0E-10	1.0E+10	1E-30	1.0E-10	1.0E+10	1E-30	1.0E-10
71	0.000000000005	1.0E+10	1.0E+10	1E-30	2.04658598456151E-10	1.0E+10	1E-30	1.0E+10	0.16	1E-30	1.43131158161829E-11	3.81312980090766	1.0E+10	1E-30	1.0E-10	1.0E+10	1E-30	1.0E-10	1.0E+10	1E-30	1.0E-10	1.0E+10	1E-30	1.0E-10	1.0E+10	1E-30	1.0E-10	1.0E+10	1E-30	1.0E-10	1.0E+10	1E-30	1.0E-10	1.0E+10	1E-30	1.0E-10	1.0E+10	1E-30	1.0E-10	1.0E+10	1E-30	1.0E-10	1.0E+10	1E-30	1.0E-10	1.0E+10	1E-30	1.0E-10	1.0E+10	1E-30	1.0E-10	1.0E+10	1E-30	1.0E-10
72	0.000000000005	1.0E+10	1.0E+10	1E-30	2.04658598456151E-10	1.0E+10	1E-30	1.0E+10	0.16	1E-30	1.43131158161829E-11	3.81312980090766	1.0E+10	1E-30	1.0E-10	1.0E+10	1E-30	1.0E-10	1.0E+10	1E-30	1.0E-10	1.0E+10	1E-30	1.0E-10	1.0E+10	1E-30	1.0E-10	1.0E+10	1E-30	1.0E-10	1.0E+10	1E-30	1.0E-10	1.0E+10	1E-30	1.0E-10	1.0E+10	1E-30	1.0E-10	1.0E+10	1E-30	1.0E-10	1.0E+10	1E-30	1.0E-10	1.0E+10	1E-30	1.0E-10	1.0E+10	1E-30	1.0E-10	1.0E+10	1E-30	1.0E-10
73	0.0000000000051	1.0E+10	1.0E+10	1E-30	1.32563108936359E-10	1.0E+10	1E-30	1.0E+10	0.16	8.40678767295724E-11	4.17034834922883E-12	0.786782059862666	3.91652331909621E-12	5.78281601157043E-11	100000	1.0E+10	1E-30	1.0E-10	1.0E+10	1E-30	1.0E-10	1.0E+10	1E-30	1.0E-10	1.0E+10	1E-30	1.0E-10	1.0E+10	1E-30	1.0E-10	1.0E+10	1E-30	1.0E-10	1.0E+10	1E-30	1.0E-10	1.0E+10	1E-30	1.0E-10	1.0E+10	1E-30	1.0E-10	1.0E+10	1E-30	1.0E-10	1.0E+10	1E-30	1.0E-10	1.0E+10	1E-30	1.0E-10	1.0E+10	1E-30	1.0E-10
74	0.0000000000051	1.0E+10	1.0E+10	1E-30	1.32563108936359E-10	1.0E+10	1E-30	1.0E+10	0.16	8.40678767295724E-11	4.17034834922883E-12	0.786782059862666	3.91652331909621E-12	5.78281601157043E-11	100000	1.0E+10	1E-30	1.0E-10	1.0E+10	1E-30	1.0E-10	1.0E+10	1E-30	1.0E-10	1.0E+10	1E-30	1.0E-10	1.0E+10	1E-30	1.0E-10	1.0E+10	1E-30	1.0E-10	1.0E+10	1E-30	1.0E-10	1.0E+10	1E-30	1.0E-10	1.0E+10	1E-30	1.0E-10	1.0E+10	1E-30	1.0E-10	1.0E+10	1E-30	1.0E-10	1.0E+10	1E-30	1.0E-10	1.0E+10	1E-30	1.0E-10
75	0.0000000000051	1.0E+10	1.0E+10	1E-30	1.32563108936359E-10	1.0E+10	1E-30	1.0E+10	0.16	8.40678767295724E-11	4.17034834922883E-12	0.786782059862666	3.91652331909621E-12	5.78281601157043E-11	100000	1.0E+10	1E-30	1.0E-10	1.0E+10	1E-30	1.0E-10	1.0E+10	1E-30	1.0E-10	1.0E+10	1E-30	1.0E-10	1.0E+10	1E-30	1.0E-10	1.0E+10	1E-30	1.0E-10	1.0E+10	1E-30	1.0E-10	1.0E+10	1E-30	1.0E-10	1.0E+10	1E-30	1.0E-10	1.0E+10	1E-30	1.0E-10	1.0E+10	1E-30	1.0E-10	1.0E+10	1E-30	1.0E-10	1.0E+10	1E-30	1.0E-10
76	0.0000000000051	1.0E+10	1.0E+10	1E-30	1.32563108936359E-10	1.0E+10	1E-30	1.0E+10	0.16	8.40678767295724E-11	4.17034834922883E-12	0.786782059862666	3.91652331909621E-12	5.78281601157043E-11	100000	1.0E+10	1E-30	1.0E-10	1.0E+10	1E-30	1.0E-10	1.0E+10	1E-30	1.0E-10	1.0E+10	1E-30	1.0E-10	1.0E+10	1E-30	1.0E-10	1.0E+10	1E-30	1.0E-10	1.0E+10	1E-30	1.0E-10	1.0E+10	1E-30	1.0E-10	1.0E+10	1E-30	1.0E-10	1.0E+10	1E-30	1.0E-10	1.0E+10	1E-30	1.0E-10	1.0E+10	1E-30	1.0E-10	1.0E+10	1E-30	1.0E-10
77	0.0000000000056	1.0E+10	1.0E+10	1E-30	0.000000000185	1.0E+10	1E-30	1.0E+10	0.16	1E-30	4.13469315450246E-12	0.193500969243578	1.65348622209764E-11	1.50189479113078E-11	100000	1.0E+10	1E-30	1.0E-10	1.0E+10	1E-30	1.0E-10	1.0E+10	1E-30	1.0E-10	1.0E+10	1E-30	1.0E-10	1.0E+10	1E-30	1.0E-10	1.0E+10	1E-30	1.0E-10	1.0E+10	1E-30	1.0E-10	1.0E+10	1E-30	1.0E-10	1.0E+10	1E-30	1.0E-10	1.0E+10	1E-30	1.0E-10	1.0E+10	1E-30	1.0E-10	1.0E+10	1E-30	1.0E-10	1.0E+10	1E-30	1.0E-10
78	0.0000000000056	1.0E+10	1.0E+10	1E-30	0.000000000185	1.0E+10	1E-30	1.0E+10	0.16	1E-30	4.13469315450246E-12	0.193500969243578	1.65348622209764E-11	1.50189479113078E-11	100000	1.0E+10	1E-30	1.0E-10	1.0E+10	1E-30	1.0E-10	1.0E+10	1E-30	1.0E-10	1.0E+10	1E-30	1.0E-10	1.0E+10	1E-30	1.0E-10	1.0E+10	1E-30	1.0E-10	1.0E+10	1E-30	1.0E-10	1.0E+10	1E-30	1.0E-10	1.0E+10	1E-30	1.0E-10	1.0E+10	1E-30	1.0E-10	1.0E+10	1E-30	1.0E-10	1.0E+10	1E-30	1.0E-10	1.0E+10	1E-30	1.0E-10
79	0.0000000000056	1.0E+10	1.0E+10	1E-30	0.000000000185	1.0E+10	1E-30	1.0E+10	0.16	1E-30	4.13469315450246E-12	0.193500969243578	1.65348622209764E-11	1.50189479113078E-11	100000	1.0E+10	1E-30	1.0E-10	1.0E+10	1E-30	1.0E-10	1.0E+10	1E-30	1.0E-10	1.0E+10	1E-30	1.0E-10	1.0E+10	1E-30	1.0E-10	1.0E+10	1E-30	1.0E-10	1.0E+10	1E-30	1.0E-10	1.0E+10	1E-30	1.0E-10	1.0E+10	1E-30	1.0E-10	1.0E+10	1E-30	1.0E-10	1.0E+10	1E-30	1.0E-10	1.0E+10	1E-30	1.0E-10	1.0E+10	1E-30	1.0E-10
80	0.0000000000056	1.0E+10	1.0E+10	1E-30	0.000000000185	1.0E+10	1E-30	1.0E+10	0.16	1E-30	4.13469315450246E-12	0.193500969243578	1.65348622209764E-11	1.50189479113078E-11	100000	1.0E+10	1E-30	1.0E-10	1.0E+10	1E-30	1.0E-10	1.0E+10	1E-30	1.0E-10	1.0E+10	1E-30	1.0E-10	1.0E+10	1E-30	1.0E-10	1.0E+10	1E-30	1.0E-10	1.0E+10	1E-30	1.0E-10	1.0E+10	1E-30	1.0E-10	1.0E+10	1E-30	1.0E-10	1.0E+10	1E-30	1.0E-10	1.0E+10	1E-30	1.0E-10	1.0E+10	1E-30	1.0E-10	1.0E+10	1E-30	1.0E-10
81	0.0000000000068	1.0E+10	1.0E+10	1E-30	1.15087987467431E-10	1.0E+10	1E-30	1.0E+10	0.15	1E-30	5.92249391316501E-12	0.114005605635422	2.90155277927482E-10	1.20829210292692E-12	0.26173677060271	3.46390041926268E-12	6.38961503241787E-11	100000	1.0E+10	1E-30	1.0E-10	1.0E+10	1E-30	1.0E-10	1.0E+10	1E-30	1.0E-10	1.0E+10	1E-30	1.0E-10	1.0E+10	1E-30	1.0E-10	1.0E+10	1E-30	1.0E-10	1.0E+10	1E-30	1.0E-10	1.0E+10	1E-30	1.0E-10	1.0E+10	1E-30	1.0E-10	1.0E+10	1E-30	1.0E-10	1.0E+10	1E-30	1.0E-10	1.0E+10	1E-30	1.0E-10
82	0.0000000000068	1.0E+10	1.0E+10	1E-30	1.15087987467431E-10	1.0E+10	1E-30	1.0E+10	0.15	1E-30	5.92249391316501E-12	0.114005605635422	2.90155277927482E-10	1.20829210292692E-12	0.26173677060271	3.46390041926268E-12	6.38961503241787E-11	100000	1.0E+10	1E-30	1.0E-10	1.0E+10	1E-30	1.0E-10	1.0E+10	1E-30	1.0E-10	1.0E+10	1E-30	1.0E-10	1.0E+10	1E-30	1.0E-10	1.0E+10	1E-30	1.0E-10	1.0E+10	1E-30	1.0E-10	1.0E+10	1E-30	1.0E-10	1.0E+10	1E-30	1.0E-10	1.0E+10	1E-30	1.0E-10	1.0E+10	1E-30	1.0E-10	1.0E+10	1E-30	1.0E-10
83	0.0000000000068	1.0E+10	1.0E+10	1E-30	1.15087987467431E-10	1.0E+10	1E-30	1.0E+10	0.15	1E-30	5.92249391316501E-12	0.114005605635422	2.90155277927482E-10	1.20829210292692E-12	0.26173677060271	3.46390041926268E-12	6.38961503241787E-11	100000	1.0E+10	1E-30	1.0E-10	1.0E+10	1E-30	1.0E-10	1.0E+10	1E-30	1.0E-10	1.0E+10	1E-30	1.0E-10	1.0E+10	1E-30	1.0E-10	1.0E+10	1E-30	1.0E-10	1.0E+10	1E-30	1.0E-10	1.0E+10	1E-30	1.0E-10	1.0E+10	1E-30	1.0E-10	1.0E+10	1E-30	1.0E-10	1.0E+10	1E-30	1.0E-10	1.0E+10	1E-30	1.0E-10
84	0.0000000000068	1.0E+10	1.0E+10	1E-30	1.15087987467431E-10	1.0E+10	1E-30	1.0E+10	0.15	1E-30	5.92249391316501E-12	0.114005605635422	2.90155277927482E-10	1.20829210292692E-12	0.26173677060271	3.46390041926268E-12	6.38961503241787E-11	100000	1.0E+10	1E-30	1.0E-10	1.0E+10	1E-30	1.0E-10	1.0E+10	1E-30	1.0E-10	1.0E+10	1E-30	1.0E-10	1.0E+10	1E-30	1.0E-10	1.0E+10	1E-30	1.0E-10	1.0E+10	1E-30	1.0E-10	1.0E+10	1E-30	1.0E-10	1.0E+10	1E-30	1.0E-10	1.0E+10	1E-30	1.0E-10	1.0E+10	1E-30	1.0E-10	1.0E+10	1E-30	1.0E-10
85	0.0000000000062	1.0E+10	1.0E+10	1E-30	1.69020743847995E-10	1.0E+10	1E-30	1.0E+10	0.15	9.28037876343989E-11	3.7777804104667E-12	0.283855732658558	5.41856278323716E-12	4.27716477754638E-11	100000	1.0E+10	1E-30	1.0E-10	1.0E+10	1E-30	1.0E-10	1.0E+10	1E-30	1.0E-10	1.0E+10	1E-30	1.0E-10	1.0E+10	1E-30	1.0E-10	1.0E+10	1E-30	1.0E-10	1.0E+10	1E-30	1.0E-10	1.0E+10	1E-30	1.0E-10	1.0E+10	1E-30	1.0E-10	1.0E+10	1E-30	1.0E-10	1.0E+10	1E-30	1.0E-10	1.0E+10	1E-30	1.0E-10	1.0E+10	1E-30	1.0E-10
86	0.0000000000062	1.0E+10	1.0E+10	1E-30	1.69020743847995E-10	1.0E+10	1E-30	1.0E+10	0.15	9.28037876343989E-11	3.7777804104667E-12	0.283855732658558	5.41856278323716E-12	4.27716477754638E-11	100000	1.0E+10	1E-30	1.0E-10	1.0E+10	1E-30	1.0E-10	1.0E+10	1E-30	1.0E-10	1.0E+10	1E-30	1.0E-10	1.0E+10	1E-30	1.0E-10	1.0E+10	1E-30	1.0E-10	1.0E+10	1E-30	1.0E-10	1.0E+10	1E-30	1.0E-10	1.0E+10	1E-30	1.0E-10	1.0E+10	1E-30	1.0E-10	1.0E+10	1E-30	1.0E-10	1.0E+10	1E-30	1.0E-10	1.0E+10	1E-30	1.0E-10
87	0.0000000000062	1.0E+10	1.0E+10	1E-30	1.69020743847995E-10	1.0E+10	1E-30	1.0E+10	0.15	9.28037876343989E-11	3.7777804104667E-12	0.283855732658558	5.41856278323716E-12	4.27716477754638E-11	100000	1.0E+10	1E-30	1.0E-10	1.0E+10	1E-30	1.0E-10	1.0E+10	1E-30	1.0E-10	1.0E+10	1E-30	1.0E-10	1.0E+10	1E-30	1.0E-10	1.0E+10	1E-30	1.0E-10	1.0E+10	1E-30	1.0E-10	1.0E+10	1E-30	1.0E-10	1.0E+10	1E-30	1.0E-10	1.0E+10	1E-30	1.0E-10	1.0E+10	1E-30	1.0E-10	1.0E+10	1E-30	1.0E-10	1.0E+10	1E-30	1.0E-10
88	0.0000000000062	1.0E+10	1.0E+10	1E-30	1.69020743847995E-10	1.0E+10	1E-30	1.0E+10	0.15	9.28037876343989E-11	3.7777804104667E-12	0.283855732658558	5.41856278323716E-12	4.27716477754638E-11	100000	1.0E+10	1E-30	1.0E-10	1.0E+10	1E-30	1.0E-10	1.0E+10	1E-30	1.0E-10	1.0E+10	1E-30	1.0E-10	1.0E+10	1E-30	1.0E-10	1.0E+10	1E-30	1.0E-10	1.0E+10	1E-30	1.0E-10	1.0E+10	1E-30	1.0E-10	1.0E+10	1E-30	1.0E-10	1.0E+10	1E-30	1.0E-10	1.0E+10	1E-30	1.0E-10	1.0E+10	1E-30	1.0E-10	1.0E+10	1E-30	1.0E-10
89	0.0000000000068	1.0E+10	1.0E+10	1E-30	1.8805408354236E-10	1.0E+10	1E-30	1.0E+10	0.14	9.00356885022031E-11	3.8939262505197E-12	0.323345817892607	9.21628803485502E-12	2.63320124834402E-11	100000	1.0E+10	1E-30	1.0E-10	1.0E+10	1E-30	1.0E-10	1.0E+10	1E-30	1.0E-10	1.0E+10	1E-30	1.0E-10	1.0E+10	1E-30	1.0E-10	1.0E+10	1E-30	1.0E-10	1.0E+10	1E-30	1.0E-10	1.0E+10	1E-30	1.0E-10	1.0E+10	1E-30	1.0E-10	1.0E+10	1E-30	1.0E-10	1.0E+10	1E-30	1.0E-10	1.0E+10	1E-30	1.0E-10	1.0E+10	1E-30	1.0E-10
90	0.0000000000068	1.0E+10	1.0E+10	1E-30	1.8805408354236E-10	1.0E+10	1E-30	1.0E+10	0.14	9.00356885022031E-11	3.8939262505197E-12	0.323345817892607	9.21628803485502E-12	2.63320124834402E-11	100000	1.0E+10	1E-30	1.0E-10	1.0E+10	1E-30	1.0E-10	1.0E+10	1E-30	1.0E-10	1.0E+10	1E-30	1.0E-10	1.0E+10	1E-30	1.0E-10	1.0E+10	1E-30	1.0E-10	1.0E+10	1E-30	1.0E-10	1.0E+10	1E-30	1.0E-10	1.0E+10	1E-30	1.0E-10	1.0E+10	1E-30	1.0E-10	1.0E+10	1E-30	1.0E-10	1.0E+10	1E-30	1.0E-10	1.0E+10	1E-30	1.0E-10
91	0.0000000000068	1.0E+10	1.0E+10	1E-30	1.8805408354236E-10	1.0E+10	1E-30	1.0E+10	0.14	9.00356885022031E-11	3.8939262505197E-12	0.323345817892607	9.21628803485502E-12	2.63320124834402E-11	100000	1.0E+10	1E-30	1.0E-10	1.0E+10	1E-30	1.0E-10	1.0E+10	1E-30	1.0E-10	1.0E+10	1E-30	1.0E-10	1.0E+10	1E-30	1.0E-10	1.0E+10	1E-30	1.0E-10	1.0E+10	1E-30	1.0E-10	1.0E+10	1E-30	1.0E-10	1.0E+10	1E-30	1.0E-10	1.0E+10	1E-30	1.0E-10	1.0E+10	1E-30	1.0E-10	1.0E+10	1E-30	1.0E-10	1.0E+10	1E-30	1.0E-10
92	0.0000000000068	1.0E+10	1.0E+10	1E-30	1.8805408354236E-10	1.0E+10	1E-30	1.0E+10	0.14	9.00356885022031E-11	3.8939262505197E-12	0.323345817892607	9.21628803485502E-12	2.63320124834402E-11	100000	1.0E+10	1E-30	1.0E-10	1.0E+10	1E-30	1.0E-10	1.0E+10	1E-30	1.0E-10	1.0E+10	1E-30	1.0E-10	1.0E+10	1E-30	1.0E-10	1.0E+10	1E-30	1.0E-10	1.0E+10	1E-30	1.0E-10	1.0E+10	1E-30	1.0E-10	1.0E+10	1E-30	1.0E-10	1.0E+10	1E-30	1.0E-10	1.0E+10	1E-30	1.0E-10	1.0E+10	1E-30	1.0E-10	1.0E+10	1E-30	1.0E-10
93	0.000000000007	1.0E+10	1.0E+10	1E-30	1.6056610323282E-10	1.0E+10	1E-30	1.0E+10	0.13	1E-30	5.86429521898808E-12	0.201620500711622	3.36911077137355E-12	5.44108833205548E-11	100000	1.0E+10	1E-30	1.0E-10	1.0E+10	1E-30	1.0E-10	1.0E+10	1E-30	1.0E-10	1.0E+10	1E-30	1.0E-10	1.0E+10	1E-30	1.0E-10	1.0E+10	1E-30	1.0E-10	1.0E+10	1E-30	1.0E-10	1.0E+10	1E-30	1.0E-10	1.0E+10	1E-30	1.0E-10	1.0E+10	1E-30	1.0E-10	1.0E+10	1E-30	1.0E-10	1.0E+10	1E-30	1.0E-10	1.0E+10	1E-30	1.0E-10
94	0.000000000007	1.0E+10	1.0E+10	1E-30	1.6056610323282E-10	1.0E+10	1E-30	1.0E+10	0.13	1E-30	5.86429521898808E-12	0.201620500711622	3.36911077137355E-12	5.44108833205548E-11	100000	1.0E+10	1E-30	1.0E-10	1.0E+10	1E-30	1.0E-10	1.0E+10	1E-30	1.0E-10	1.0E+10	1E-30	1.0E-10	1.0E+10	1E-30	1.0E-10	1.0E+10	1E-30	1.0E-10	1.0E+10	1E-30	1.0E-10	1.0E+10	1E-30	1.0E-10	1.0E+10	1E-30	1.0E-10	1.0E+10	1E-30	1.0E-10	1.0E+10	1E-30	1.0E-10	1.0E+10	1E-30	1.0E-10	1.0E+10	1E-30	1.0E-10
95	0.000000000007	1.0E+10	1.0E+10	1E-30	1.6056610323282E-10	1.0E+10	1E-30	1.0E+10	0.13	1E-30	5.86429521898808E-12	0.201620500711622	3.36911077137355E-12	5.44108833205548E-11	100000	1.0E+10	1E-30	1.0E-10	1.0E+10	1E-30	1.0E-10	1.0E+10	1E-30	1.0E-10	1.0E+10	1E-30	1.0E-10	1.0E+10	1E-30	1.0E-10	1.0E+10	1E-30	1.0E-10	1.0E+10	1E-30	1.0E-10	1.0E+10	1E-30	1.0E-10	1.0E+10	1E-30	1.0E-10	1.0E+10	1E-30	1.0E-10	1.0E+10	1E-30	1.0E-10	1.0E+10	1E-30	1.0E-10	1.0E+10	1E-30	1.0E-10
96	0.000000000007	1.0E+10	1.0E+10	1E-30	1.6056610323282E-10	1.0E+10	1E-30	1.0E+10	0.13	1E-30	5.86429521898808E-12	0.201620500711622	3.36911077137355E-12	5.44108833205548E-11	100000	1.0E+10	1E-30	1.0E-10	1.0E+10	1E-30	1.0E-10	1.0E+10	1E-30	1.0E-10	1.0E+10	1E-30	1.0E-10	1.0E+10	1E-30	1.0E-10	1.0E+10	1E-30	1.0E-10	1.0E+10	1E-30	1.0E-10	1.0E+10	1E-30	1.0E-10	1.0E+10	1E-30	1.0E-10	1.0E+10	1E-30	1.0E-10	1.0E+10	1E-30	1.0E-10	1.0E+10	1E-30	1.0E-10	1.0E+10	1E-30	1.0E-10
97	0.0000000000075	1.0E+10	1.0E+10	1E-30	1.7388619282065E-10	1.0E+10	1E-30	1.0E+10	0.13	4.1559085125745E-11	6.46334471369804E-12	0.217301584998126	7.65674675721362E-12	3.24336486881364E-11	100000	1.0E+10	1E-30	1.0E-10	1.0E+10	1E-30	1.0E-10	1.0E+10	1E-30	1.0E-10	1.0E+10	1E-30	1.0E-10	1.0E+10	1E-30	1.0E-10	1.0E+10	1E-30	1.0E-10	1.0E+10	1E-30	1.0E-10	1.0E+10	1E-30	1.0E-10	1.0E+10	1E-30	1.0E-10	1.0E+10	1E-30	1.0E-10	1.0E+10	1E-30	1.0E-10	1.0E+10	1E-30	1.0E-10	1.0E+10	1E-30	1.0E-10
98	0.0000000000075	1.0E+10	1.0E+10	1E-30	1.7388619282065E-10	1.0E+10	1E-30	1.0E+10	0.13	4.1559085125745E-11	6.46334471369804E-12	0.217301584998126	7.65674675721362E-12	3.24336486881364E-11	100000	1.0E+10	1E-30	1.0E-10	1.0E+10	1E-30	1.0E-10	1.0E+10	1E-30	1.0E-10	1.0E+10	1E-30	1.0E-10	1.0E+10	1E-30	1.0E-10	1.0E+10	1E-30	1.0E-10	1.0E+10	1E-30	1.0E-10	1.0E+10	1E-30	1.0E-10	1.0E+10	1E-30	1.0E-10	1.0E+10	1E-30	1.0E-10	1.0E+10	1E-30	1.0E-10	1.0E+10	1E-30	1.0E-10	1.0E+10	1E-30	1.0E-10
99	0.0000000000075	1.0E+10	1.0E+10	1E-30	1.7388619282065E-10	1.0E+10	1E-30	1.0E+10	0.13	4.1559085125745E-11	6.46334471369804E-12	0.217301584998126	7.65674675721362E-12	3.24336486881364E-11	100000	1.0E+10	1E-30	1.0E-10	1.0E+10	1E-30	1.0E-10	1.0E+10	1E-30	1.0E-10	1.0E+10	1E-30	1.0E-10	1.0E+10	1E-30	1.0E-10	1.0E+10	1E-30	1.0E-10	1.0E+10	1E-30	1.0E-10	1.0E+10	1E-30	1.0E-10	1.0E+10	1E-30	1.0E-10	1.0E+10	1E-30	1.0E-10	1.0E+10	1E-30	1.0E-10	1.0E+10	1E-30	1.0E-10	1.0E+10	1E-30	1.0E-10
100	0.0000000000075	1.0E+10	1.0E+10	1E-30	1.7388619282065E-10	1.0E+10	1E-30	1.0E+10	0.13	4.1559085125745E-11	6.46334471369804E-12	0.217301584998126	7.65674675721362E-12	3.24336486881364E-11	100000	1.0E+10	1E-30	1.0E-10	1.0E+10	1E-30	1.0E-10	1.0E+10	1E-30	1.0E-10	1.0E+10	1E-30	1.0E-10	1.0E+10	1E-30	1.0E-10	1.0E+10	1E-30	1.0E-10	1.0E+10	1E-30	1.0E-10	1.0E+10	1E-30	1.0E-10	1.0E+10	1E-30	1.0E-10	1.0E+10	1E-30	1.0E-10	1.0E+10	1E-30	1.0E-10	1.0E+10	1E-30	1.0E-10	1.0E+10	1E-30	1.0E-10
101	0.000000000008	1.0E+10	1.0E+10	1E-30	0.00000000023	1.0E+10	1E-30	1.0E+10	0.13	1E-30	7.20071880657913E-12	0.140701716501714	1.0E+10	1E-30	1.0E-10	1.0E+10	1E-30	1.0E-10	1.0E+10	1E-30	1.0E-10	1.0E+10	1E-30	1.0E-10	1.0E+10	1E-30	1.0E-10	1.0E+10	1E-30	1.0E-10	1.0E+10	1E-30	1.0E-10	1.0E+10	1E-30	1.0E-10	1.0E+10	1E-30	1.0E-10	1.0E+10	1E-30	1.0E-10	1.0E+10	1E-30	1.0E-10	1.0E+10	1E-30	1.0E-10	1.0E+10	1E-30	1.0E-10	1.0E+10	1E-30	1.0E-10
102	0.000000000008	1.0E+10	1.0E+10	1E-30	0.00000000023	1.0E+10	1E-30	1.0E+10	0.13	1E-30	7.20071880657913E-12	0.140701716501714	1.0E+10	1E-30	1.0E-10	1.0E+10	1E-30	1.0E-10	1.0E+10	1E-30	1.0E-10	1.0E+10	1E-30	1.0E-10	1.0E+10	1E-30	1.0E-10	1.0E+10	1E-30	1.0E-10	1.0E+10	1E-30	1.0E-10	1.0E+10	1E-30	1.0E-10	1.0E+10	1E-30	1.0E-10	1.0E+10	1E-30	1.0E-10	1.0E+10	1E-30	1.0E-10	1.0E+10	1E-30	1.0E-10	1.0E+10	1E-30	1.0E-10	1.0E+10	1E-30	1.0E-10
103	0.000000000008	1.0E+10	1.0E+10	1E-30	0.00000000023	1.0E+10	1E-30	1.0E+10	0.13	1E-30	7.20071880657913E-12	0.140701716501714	1.0E+10	1E-30	1.0E-10	1.0E+10	1E-30	1.0E-10	1.0E+10	1E-30	1.0E-10	1.0E+10	1E-30	1.0E-10	1.0E+10	1E-30	1.0E-10	1.0E+10	1E-30	1.0E-10	1.0E+10	1E-30	1.0E-10	1.0E+10	1E-30	1.0E-10	1.0E+10	1E-30	1.0E-10	1.0E+10	1E-30	1.0E-10	1.0E+10	1E-30	1.0E-10	1.0E+10	1E-30	1.0E-10	1.0E+10	1E-30	1.0E-10	1.0E+10	1E-30	1.0E-10
104	0.000000000008	1.0E+10	1.0E+10	1E-30	0.00000000023	1.0E+10	1E-30	1.0E+10	0.13	1E-30	7.20071880657913E-12	0.140701716501714	1.0E+10	1E-30	1.0E-10	1.0E+10	1E-30	1.0E-10	1.0E+10	1E-30	1.0E-10	1.0E+10	1E-30	1.0E-10	1.0E+10	1E-30	1.0E-10	1.0E+10	1E-30	1.0E-10	1.0E+10	1E-30	1.0E-10	1.0E+10	1E-30	1.0E-10	1.0E+10	1E-30	1.0E-10	1.0E+10	1E-30	1.0E-10	1.0E+10	1E-30	1.0E-10	1.0E+10	1E-30	1.0E-10	1.0E+10	1E-30	1.0E-10	1.0E+10	1E-30	1.0E-10
105	0.0000000000082	1.0E+10	1.0E+10	1E-30	1.92836329528767E-10	1.0E+10	1E-30	1.0E+10	0.13	8.95624661128648E-11	3.91450064026303E-12	0.302239656639882	1.64053309484124E-11	1.73802130412333E-11	100000	1.0E+10	1E-30	1.0E-10	1.0E+10	1E-30	1.0E-10	1.0E+10	1E-30	1.0E-10	1.0E+10	1E-30	1.0E-10	1.0E+10	1E-30	1.0E-10	1.0E+10	1E-30	1.0E-10	1.0E+10	1E-30	1.0E-10	1.0E+10	1E-30	1.0E-10	1.0E+10	1E-30	1.0E-10	1.0E+10	1E-30	1.0E-10	1.0E+10	1E-30	1.0E-10	1.0E+10	1E-30	1.0E-10	1.0E+10	1E-30	1.0E-10
106	0.0000000000082	1.0E+10	1.0E+10	1E-30	1.92836329528767E-10	1.0E+10	1E-30	1.0E+10	0.13	8.95624661128648E-11	3.91450064026303E-12	0.302239656639882	1.64053309484124E-11	1.73802130412333E-11	100000	1.0E+10	1E-30	1.0E-10	1.0E+10	1E-30	1.0E-10	1.0E+10	1E-30	1.0E-10	1.0E+10	1E-30	1.0E-10	1.0E+10	1E-30	1.0E-10	1.0E+10	1E-30	1.0E-10	1.0E+10	1E-30	1.0E-10	1.0E+10	1E-30	1.0E-10	1.0E+10	1E-30	1.0E-10	1.0E+10	1E-30	1.0E-10	1.0E+10	1E-30	1.0E-10	1.0E+10	1E-30	1.0E-10	1.0E+10	1E-30	1.0E-10
107	0.0000000000082	1.0E+10	1.0E+10	1E-30	1.92836329528767E-10	1.0E+10	1E-30	1.0E+10	0.13	8.95624661128648E-11	3.91450064026303E-12	0.302239656639882	1.64053309484124E-11	1.73802130412333E-11	100000	1.0E+10	1E-30	1.0E-10	1.0E+10	1E-30	1.0E-10	1.0E+10	1E-30	1.0E-10	1.0E+10	1E-30	1.0E-10	1.0E+10	1E-30	1.0E-10	1.0E+10	1E-30	1.0E-10	1.0E+10	1E-30	1.0E-10	1.0E+10	1E-30	1.0E-10	1.0E+10	1E-30	1.0E-10	1.0E+10	1E-30	1.0E-10	1.0E+10	1E-30	1.0E-10	1.0E+10	1E-30	1.0E-10	1.0E+10	1E-30	1.0E-10
108	0.0000000000082	1.0E+10	1.0E+10	1E-30	1.92836329528767E-10	1.0E+10	1E-30	1.0E+10	0.13	8.95624661128648E-11	3.91450064026303E-12	0.302239656639882	1.64053309484124E-11	1.73802130412333E-11	100000	1.0E+10	1E-30	1.0E-10	1.0E+10	1E-30	1.0E-10	1.0E+10	1E-30	1.0E-10	1.0E+10	1E-30	1.0E-10	1.0E+10	1E-30	1.0E-10	1.0E+10	1E-30	1.0E-10	1.0E+10	1E-30	1.0E-10	1.0E+10	1E-30	1.0E-10	1.0E+10	1E-30	1.0E-10	1.0E+10	1E-30	1.0E-10	1.0E+10	1E-30	1.0E-10	1.0E+10	1E-30	1.0E-10	1.0E+10	1E-30	1.0E-10
109	0.000000000009	1.0E+10	1.0E+10	1E-30	0.00000000014	1.0E+10	1E-30	1.0E+10	0.125	1E-30	4.88632742018369E-12	0.409356008700893	1E-30	5.17854859768731E-12	7.80906731076105E-02	2.36039481537062E-10	1.32486184329593E-12	0.166487049356797	0.000000000001	0.00000000006	100000	1.0E+10	1E-30	1.0E-10	1.0E+10	1E-30	1.0E-10	1.0E+10	1E-30	1.0E-10	1.0E+10	1E-30	1.0E-10	1.0E+10	1E-30	1.0E-10	1.0E+10	1E-30	1.0E-10	1.0E+10	1E-30	1.0E-10	1.0E+10	1E-30	1.0E-10	1.0E+10	1E-30	1.0E-10	1.0E+10	1E-30	1.0E-10	1.0E+10	1E-30	1.0E-10
110	0.000000000009	1.0E+10	1.0E+10	1E-30	0.00000000014	1.0E+10	1E-30	1.0E+10	0.125	1E-30	4.88632742018369E-12	0.409356008700893	1E-30	5.17854859768731E-12	7.80906731076105E-02	2.36039481537062E-10	1.32486184329593E-12	0.166487049356797	0.000000000001	0.00000000006	100000	1.0E+10	1E-30	1.0E-10	1.0E+10	1E-30	1.0E-10	1.0E+10	1E-30	1.0E-10	1.0E+10	1E-30	1.0E-10	1.0E+10	1E-30	1.0E-10	1.0E+10	1E-30	1.0E-10	1.0E+10	1E-30	1.0E-10	1.0E+10	1E-30	1.0E-10	1.0E+10	1E-30	1.0E-10	1.0E+10	1E-30	1.0E-10	1.0E+10	1E-30	1.0E-10
111	0.000000000009	1.0E+10	1.0E+10	1E-30	0.00000000014	1.0E+10	1E-30	1.0E+10	0.125	1E-30	4.88632742018369E-12	0.409356008700893	1E-30	5.17854859768731E-12	7.80906731076105E-02	2.36039481537062E-10	1.32486184329593E-12	0.166487049356797	0.000000000001	0.00000000006	100000	1.0E+10	1E-30	1.0E-10	1.0E+10	1E-30	1.0E-10	1.0E+10	1E-30	1.0E-10	1.0E+10	1E-30	1.0E-10	1.0E+10	1E-30	1.0E-10	1.0E+10	1E-30	1.0E-10	1.0E+10	1E-30	1.0E-10	1.0E+10	1E-30	1.0E-10	1.0E+10	1E-30	1.0E-10	1.0E+10	1E-30	1.0E-10	1.0E+10	1E-30	1.0E-10
112	0.000000000009	1.0E+10	1.0E+10	1E-30	0.00000000014	1.0E+10	1E-30	1.0E+10	0.125	1E-30	4.88632742018369E-12	0.409356008700893	1E-30	5.17854859768731E-12	7.80906731076105E-02	2.36039481537062E-10	1.32486184329593E-12	0.166487049356797	0.000000000001	0.00000000006	100000	1.0E+10	1E-30	1.0E-10	1.0E+10	1E-30	1.0E-10	1.0E+10	1E-30	1.0E-10	1.0E+10	1E-30	1.0E-10	1.0E+10	1E-30	1.0E-10	1.0E+10	1E-30	1.0E-10	1.0E+10	1E-30	1.0E-10	1.0E+10	1E-30	1.0E-10	1.0E+10	1E-30	1.0E-10	1.0E+10	1E-30	1.0E-10	1.0E+10	1E-30	1.0E-10
113	0.0000000000091	1.0E+10	1.0E+10	1E-30	1.70419556313198E-10	1.0E+10	1E-30	1.0E+10	0.125	9.85658211410042E-11	3.94125589103781E-12	0.213957367385931	5.85356414330095E-12	3.78111346316231E-11	100000	1.0E+10	1E-30	1.0E-10	1.0E+10	1E-30	1.0E-10	1.0E+10	1E-30	1.0E-10	1.0E+10	1E-30	1.0E-10	1.0E+10	1E-30	1.0E-10	1.0E+10	1E-30	1.0E-10	1.0E+10	1E-30	1.0E-10	1.0E+10	1E-30	1.0E-10	1.0E+10	1E-30	1.0E-10	1.0E+10	1E-30	1.0E-10	1.0E+10	1E-30	1.0E-10	1.0E+10	1E-30	1.0E-10	1.0E+10	1E-30	1.0E-10
114	0.0000000000091	1.0E+10	1.0E+10	1E-30	1.70419556313198E-10	1.0E+10	1E-30	1.0E+10	0.125	9.85658211410042E-11	3.94125589103781E-12	0.213957367385931	5.85356414330095E-12	3.78111346316231E-11	100000	1.0E+10	1E-30	1.0E-10	1.0E+10	1E-30	1.0E-10	1.0E+10	1E-30	1.0E-10	1.0E+10	1E-30	1.0E-10	1.0E+10	1E-30	1.0E-10	1.0E+10	1E-30	1.0E-10	1.0E+10	1E-30	1.0E-10	1.0E+10	1E-30	1.0E-10	1.0E+10	1E-30	1.0E-10	1.0E+10	1E-30	1.0E-10	1.0E+10	1E-30	1.0E-10	1.0E+10	1E-30	1.0E-10	1.0E+10	1E-30	1.0E-10
115	0.0000000000091	1.0E+10	1.0E+10	1E-30	1.70419556313198E-10	1.0E+10	1E-30	1.0E+10	0.125	9.85658211410042E-11	3.94125589103781E-12	0.213957367385931	5.85356414330095E-12	3.78111346316231E-11	100000	1.0E+10	1E-30	1.0E-10	1.0E+10	1E-30	1.0E-10	1.0E+10	1E-30	1.0E-10	1.0E+10	1E-30	1.0E-10	1.0E+10	1E-30	1.0E-10	1.0E+10	1E-30	1.0E-10	1.0E+10	1E-30	1.0E-10	1.0E+10	1E-30	1.0E-10	1.0E+10	1E-30	1.0E-10	1.0E+10	1E-30	1.0E-10	1.0E+10	1E-30	1.0E-10	1.0E+10	1E-30	1.0E-10	1.0E+10	1E-30	1.0E-10
116	0.0000000000091	1.0E+10	1.0E+10	1E-30	1.70419556313198E-10	1.0E+10	1E-30	1.0E+10	0.125	9.85658211410042E-11	3.94125589103781E-12	0.213957367385931	5.85356414330095E-12	3.78111346316231E-11	100000	1.0E+10	1E-30	1.0E-10	1.0E+10	1E-30	1.0E-10	1.0E+10	1E-30	1.0E-10	1.0E+10	1E-30	1.0E-10	1.0E+10	1E-30	1.0E-10	1.0E+10	1E-30	1.0E-10	1.0E+10	1E-30	1.0E-10	1.0E+10	1E-30	1.0E-10	1.0E+10	1E-30	1.0E-10	1.0E+10	1E-30	1.0E-10	1.0E+10	1E-30	1.0E-10	1.0E+10	1E-30	1.0E-10	1.0E+10	1E-30	1.0E-10
117	0.00000000001	1.0E+10	1.0E+10	1E-30	0.000000000204	1.0E+10	1E-30	1.0E+10	0.12	1E-30	1.25807302325077E-12	2.58699466965214E-02	6.53416703412826E-11	5.36552446717669E-12	0.52774241648759	1.0E+10	1E-30	1.0E-10	1.0E+10	1E-30	1.0E-10	1.0E+10	1E-30	1.0E-10	1.0E+10	1E-30	1.0E-10	1.0E+10	1E-30	1.0E-10	1.0E+10	1E-30	1.0E-10	1.0E+10	1E-30	1.0E-10	1.0E+10	1E-30	1.0E-10	1.0E+10	1E-30	1.0E-10	1.0E+10	1E-30	1.0E-10	1.0E+10	1E-30	1.0E-10	1.0E+10	1E-30	1.0E-10	1.0E+10	1E-30	1.0E-10
118	0.00000000001	1.0E+10	1.0E+10	1E-30	0.000000000204	1.0E+10	1E-30	1.0E+10	0.12	1E-30	1.25807302325077E-12	2.58699466965214E-02	6.53416703412826E-11	5.36552446717669E-12	0.52774241648759	1.0E+10	1E-30	1.0E-10	1.0E+10	1E-30	1.0E-10	1.0E+10	1E-30	1.0E-10	1.0E+10	1E-30	1.0E-10	1.0E+10	1E-30	1.0E-10	1.0E+10	1E-30	1.0E-10	1.0E+10	1E-30	1.0E-10	1.0E+10	1E-30	1.0E-10	1.0E+10	1E-30	1.0E-10	1.0E+10	1E-30	1.0E-10	1.0E+10	1E-30	1.0E-10	1.0E+10	1E-30	1.0E-10	1.0E+10	1E-30	1.0E-10
END DSCRDATA
