BEGIN DSCRDATA
% INDEX	K01	L01	M01	K02	L02	M02	K03	L03	M03	K04	L04	M04	K05	L05	M05	K06	L06	M06	K07	L07	M07	K08	L08	M08	K09	L09	M09	K10	L10	M10	K11	L11	M11	K12	L12	M12	K13	L13	M13	K14	L14	M14	K15	L15	M15	K16	L16	M16	K17	L17	M17	K18	L18	M18
0	0.0000000000001	1.0E+10	1.0E+10	1E-30	2.94528725317273E-10	1.0E+10	1E-30	1.0E+10	1.12989490081065	1E-30	1.82255523153021E-12	0.181924237051563	1.0E+10	1E-30	1.0E-10	1.0E+10	1E-30	1.0E-10	1.0E+10	1E-30	1.0E-10	1.0E+10	1E-30	1.0E-10	1.0E+10	1E-30	1.0E-10	1.0E+10	1E-30	1.0E-10	1.0E+10	1E-30	1.0E-10	1.0E+10	1E-30	1.0E-10	1.0E+10	1E-30	1.0E-10	1.0E+10	1E-30	1.0E-10	1.0E+10	1E-30	1.0E-10	1.0E+10	1E-30	1.0E-10	1.0E+10	1E-30	1.0E-10	1.0E+10	1E-30	1.0E-10
1	0.0000000000001	1.0E+10	1.0E+10	1E-30	2.94528725317273E-10	1.0E+10	1E-30	1.0E+10	1.12989490081065	1E-30	1.82255523153021E-12	0.181924237051563	1.0E+10	1E-30	1.0E-10	1.0E+10	1E-30	1.0E-10	1.0E+10	1E-30	1.0E-10	1.0E+10	1E-30	1.0E-10	1.0E+10	1E-30	1.0E-10	1.0E+10	1E-30	1.0E-10	1.0E+10	1E-30	1.0E-10	1.0E+10	1E-30	1.0E-10	1.0E+10	1E-30	1.0E-10	1.0E+10	1E-30	1.0E-10	1.0E+10	1E-30	1.0E-10	1.0E+10	1E-30	1.0E-10	1.0E+10	1E-30	1.0E-10	1.0E+10	1E-30	1.0E-10
2	0.0000000000002	1.0E+10	1.0E+10	1E-30	0.000000000315	1.0E+10	1E-30	1.0E+10	0.571638215388974	1E-30	1.40095454431498E-12	0.730711920188066	4.1601015799032E-12	1.16296414074101E-11	100000	1.0E+10	1E-30	1.0E-10	1.0E+10	1E-30	1.0E-10	1.0E+10	1E-30	1.0E-10	1.0E+10	1E-30	1.0E-10	1.0E+10	1E-30	1.0E-10	1.0E+10	1E-30	1.0E-10	1.0E+10	1E-30	1.0E-10	1.0E+10	1E-30	1.0E-10	1.0E+10	1E-30	1.0E-10	1.0E+10	1E-30	1.0E-10	1.0E+10	1E-30	1.0E-10	1.0E+10	1E-30	1.0E-10	1.0E+10	1E-30	1.0E-10
3	0.0000000000002	1.0E+10	1.0E+10	1E-30	0.000000000315	1.0E+10	1E-30	1.0E+10	0.571638215388974	1E-30	1.40095454431498E-12	0.730711920188066	4.1601015799032E-12	1.16296414074101E-11	100000	1.0E+10	1E-30	1.0E-10	1.0E+10	1E-30	1.0E-10	1.0E+10	1E-30	1.0E-10	1.0E+10	1E-30	1.0E-10	1.0E+10	1E-30	1.0E-10	1.0E+10	1E-30	1.0E-10	1.0E+10	1E-30	1.0E-10	1.0E+10	1E-30	1.0E-10	1.0E+10	1E-30	1.0E-10	1.0E+10	1E-30	1.0E-10	1.0E+10	1E-30	1.0E-10	1.0E+10	1E-30	1.0E-10	1.0E+10	1E-30	1.0E-10
4	0.0000000000003	1.0E+10	1.0E+10	1E-30	0.000000000282	1.0E+10	1E-30	1.0E+10	0.380374366190667	1E-30	1.21608354785233E-12	0.33567389752219	1.27165153888622E-12	3.46978158501742E-11	100000	1.0E+10	1E-30	1.0E-10	1.0E+10	1E-30	1.0E-10	1.0E+10	1E-30	1.0E-10	1.0E+10	1E-30	1.0E-10	1.0E+10	1E-30	1.0E-10	1.0E+10	1E-30	1.0E-10	1.0E+10	1E-30	1.0E-10	1.0E+10	1E-30	1.0E-10	1.0E+10	1E-30	1.0E-10	1.0E+10	1E-30	1.0E-10	1.0E+10	1E-30	1.0E-10	1.0E+10	1E-30	1.0E-10	1.0E+10	1E-30	1.0E-10
5	0.0000000000003	1.0E+10	1.0E+10	1E-30	0.000000000282	1.0E+10	1E-30	1.0E+10	0.380374366190667	1E-30	1.21608354785233E-12	0.33567389752219	1.27165153888622E-12	3.46978158501742E-11	100000	1.0E+10	1E-30	1.0E-10	1.0E+10	1E-30	1.0E-10	1.0E+10	1E-30	1.0E-10	1.0E+10	1E-30	1.0E-10	1.0E+10	1E-30	1.0E-10	1.0E+10	1E-30	1.0E-10	1.0E+10	1E-30	1.0E-10	1.0E+10	1E-30	1.0E-10	1.0E+10	1E-30	1.0E-10	1.0E+10	1E-30	1.0E-10	1.0E+10	1E-30	1.0E-10	1.0E+10	1E-30	1.0E-10	1.0E+10	1E-30	1.0E-10
6	0.0000000000004	1.0E+10	1.0E+10	1E-30	0.00000000029	1.0E+10	1E-30	1.0E+10	0.289434337815843	5.42475489976523E-11	1.12968572715747E-12	0.863793666163592	1.38497558501993E-12	3.18587066798221E-11	100000	1.0E+10	1E-30	1.0E-10	1.0E+10	1E-30	1.0E-10	1.0E+10	1E-30	1.0E-10	1.0E+10	1E-30	1.0E-10	1.0E+10	1E-30	1.0E-10	1.0E+10	1E-30	1.0E-10	1.0E+10	1E-30	1.0E-10	1.0E+10	1E-30	1.0E-10	1.0E+10	1E-30	1.0E-10	1.0E+10	1E-30	1.0E-10	1.0E+10	1E-30	1.0E-10	1.0E+10	1E-30	1.0E-10	1.0E+10	1E-30	1.0E-10
7	0.0000000000004	1.0E+10	1.0E+10	1E-30	0.00000000029	1.0E+10	1E-30	1.0E+10	0.289434337815843	5.42475489976523E-11	1.12968572715747E-12	0.863793666163592	1.38497558501993E-12	3.18587066798221E-11	100000	1.0E+10	1E-30	1.0E-10	1.0E+10	1E-30	1.0E-10	1.0E+10	1E-30	1.0E-10	1.0E+10	1E-30	1.0E-10	1.0E+10	1E-30	1.0E-10	1.0E+10	1E-30	1.0E-10	1.0E+10	1E-30	1.0E-10	1.0E+10	1E-30	1.0E-10	1.0E+10	1E-30	1.0E-10	1.0E+10	1E-30	1.0E-10	1.0E+10	1E-30	1.0E-10	1.0E+10	1E-30	1.0E-10	1.0E+10	1E-30	1.0E-10
8	0.0000000000005	1.0E+10	1.0E+10	1E-30	0.00000000027	1.0E+10	1E-30	1.0E+10	0.28	2.12599777172847E-11	2.88253744434077E-12	2.20407988438174	8.38657448043138E-13	5.26121016689466E-11	100000	1.0E+10	1E-30	1.0E-10	1.0E+10	1E-30	1.0E-10	1.0E+10	1E-30	1.0E-10	1.0E+10	1E-30	1.0E-10	1.0E+10	1E-30	1.0E-10	1.0E+10	1E-30	1.0E-10	1.0E+10	1E-30	1.0E-10	1.0E+10	1E-30	1.0E-10	1.0E+10	1E-30	1.0E-10	1.0E+10	1E-30	1.0E-10	1.0E+10	1E-30	1.0E-10	1.0E+10	1E-30	1.0E-10	1.0E+10	1E-30	1.0E-10
9	0.0000000000005	1.0E+10	1.0E+10	1E-30	0.00000000027	1.0E+10	1E-30	1.0E+10	0.28	2.12599777172847E-11	2.88253744434077E-12	2.20407988438174	8.38657448043138E-13	5.26121016689466E-11	100000	1.0E+10	1E-30	1.0E-10	1.0E+10	1E-30	1.0E-10	1.0E+10	1E-30	1.0E-10	1.0E+10	1E-30	1.0E-10	1.0E+10	1E-30	1.0E-10	1.0E+10	1E-30	1.0E-10	1.0E+10	1E-30	1.0E-10	1.0E+10	1E-30	1.0E-10	1.0E+10	1E-30	1.0E-10	1.0E+10	1E-30	1.0E-10	1.0E+10	1E-30	1.0E-10	1.0E+10	1E-30	1.0E-10	1.0E+10	1E-30	1.0E-10
10	0.0000000000006	1.0E+10	1.0E+10	1E-30	0.00000000025	1.0E+10	1E-30	1.0E+10	0.28	6.66468852029984E-11	9.19513067253838E-13	1.11432090698013	9.00536927817235E-13	5.25011398617759E-11	100000	1.0E+10	1E-30	1.0E-10	1.0E+10	1E-30	1.0E-10	1.0E+10	1E-30	1.0E-10	1.0E+10	1E-30	1.0E-10	1.0E+10	1E-30	1.0E-10	1.0E+10	1E-30	1.0E-10	1.0E+10	1E-30	1.0E-10	1.0E+10	1E-30	1.0E-10	1.0E+10	1E-30	1.0E-10	1.0E+10	1E-30	1.0E-10	1.0E+10	1E-30	1.0E-10	1.0E+10	1E-30	1.0E-10	1.0E+10	1E-30	1.0E-10
11	0.0000000000006	1.0E+10	1.0E+10	1E-30	0.00000000025	1.0E+10	1E-30	1.0E+10	0.28	6.66468852029984E-11	9.19513067253838E-13	1.11432090698013	9.00536927817235E-13	5.25011398617759E-11	100000	1.0E+10	1E-30	1.0E-10	1.0E+10	1E-30	1.0E-10	1.0E+10	1E-30	1.0E-10	1.0E+10	1E-30	1.0E-10	1.0E+10	1E-30	1.0E-10	1.0E+10	1E-30	1.0E-10	1.0E+10	1E-30	1.0E-10	1.0E+10	1E-30	1.0E-10	1.0E+10	1E-30	1.0E-10	1.0E+10	1E-30	1.0E-10	1.0E+10	1E-30	1.0E-10	1.0E+10	1E-30	1.0E-10	1.0E+10	1E-30	1.0E-10
12	0.0000000000007	1.0E+10	1.0E+10	1E-30	0.000000000305	1.0E+10	1E-30	1.0E+10	0.3	1.53426153262771E-11	3.81450655968564E-12	2.98463164630232	8.49341396394398E-13	4.97057602869626E-11	100000	1.0E+10	1E-30	1.0E-10	1.0E+10	1E-30	1.0E-10	1.0E+10	1E-30	1.0E-10	1.0E+10	1E-30	1.0E-10	1.0E+10	1E-30	1.0E-10	1.0E+10	1E-30	1.0E-10	1.0E+10	1E-30	1.0E-10	1.0E+10	1E-30	1.0E-10	1.0E+10	1E-30	1.0E-10	1.0E+10	1E-30	1.0E-10	1.0E+10	1E-30	1.0E-10	1.0E+10	1E-30	1.0E-10	1.0E+10	1E-30	1.0E-10
13	0.0000000000007	1.0E+10	1.0E+10	1E-30	0.000000000305	1.0E+10	1E-30	1.0E+10	0.3	1.53426153262771E-11	3.81450655968564E-12	2.98463164630232	8.49341396394398E-13	4.97057602869626E-11	100000	1.0E+10	1E-30	1.0E-10	1.0E+10	1E-30	1.0E-10	1.0E+10	1E-30	1.0E-10	1.0E+10	1E-30	1.0E-10	1.0E+10	1E-30	1.0E-10	1.0E+10	1E-30	1.0E-10	1.0E+10	1E-30	1.0E-10	1.0E+10	1E-30	1.0E-10	1.0E+10	1E-30	1.0E-10	1.0E+10	1E-30	1.0E-10	1.0E+10	1E-30	1.0E-10	1.0E+10	1E-30	1.0E-10	1.0E+10	1E-30	1.0E-10
14	0.0000000000008	1.0E+10	1.0E+10	1E-30	0.000000000305	1.0E+10	1E-30	1.0E+10	0.285	8.01412221703327E-12	7.56404852703311E-12	10.9135029560178	1.00607030326758E-12	5.27280765417751E-11	100000	1.0E+10	1E-30	1.0E-10	1.0E+10	1E-30	1.0E-10	1.0E+10	1E-30	1.0E-10	1.0E+10	1E-30	1.0E-10	1.0E+10	1E-30	1.0E-10	1.0E+10	1E-30	1.0E-10	1.0E+10	1E-30	1.0E-10	1.0E+10	1E-30	1.0E-10	1.0E+10	1E-30	1.0E-10	1.0E+10	1E-30	1.0E-10	1.0E+10	1E-30	1.0E-10	1.0E+10	1E-30	1.0E-10	1.0E+10	1E-30	1.0E-10
15	0.0000000000008	1.0E+10	1.0E+10	1E-30	0.000000000305	1.0E+10	1E-30	1.0E+10	0.285	8.01412221703327E-12	7.56404852703311E-12	10.9135029560178	1.00607030326758E-12	5.27280765417751E-11	100000	1.0E+10	1E-30	1.0E-10	1.0E+10	1E-30	1.0E-10	1.0E+10	1E-30	1.0E-10	1.0E+10	1E-30	1.0E-10	1.0E+10	1E-30	1.0E-10	1.0E+10	1E-30	1.0E-10	1.0E+10	1E-30	1.0E-10	1.0E+10	1E-30	1.0E-10	1.0E+10	1E-30	1.0E-10	1.0E+10	1E-30	1.0E-10	1.0E+10	1E-30	1.0E-10	1.0E+10	1E-30	1.0E-10	1.0E+10	1E-30	1.0E-10
16	0.0000000000009	1.0E+10	1.0E+10	1E-30	0.00000000019	1.0E+10	1E-30	1.0E+10	0.3	1.12703365579748E-11	5.61876468363945E-12	27.2880959902529	2.83063654461807E-13	1.5233024818684E-10	100000	1.0E+10	1E-30	1.0E-10	1.0E+10	1E-30	1.0E-10	1.0E+10	1E-30	1.0E-10	1.0E+10	1E-30	1.0E-10	1.0E+10	1E-30	1.0E-10	1.0E+10	1E-30	1.0E-10	1.0E+10	1E-30	1.0E-10	1.0E+10	1E-30	1.0E-10	1.0E+10	1E-30	1.0E-10	1.0E+10	1E-30	1.0E-10	1.0E+10	1E-30	1.0E-10	1.0E+10	1E-30	1.0E-10	1.0E+10	1E-30	1.0E-10
17	0.0000000000009	1.0E+10	1.0E+10	1E-30	0.00000000019	1.0E+10	1E-30	1.0E+10	0.3	1.12703365579748E-11	5.61876468363945E-12	27.2880959902529	2.83063654461807E-13	1.5233024818684E-10	100000	1.0E+10	1E-30	1.0E-10	1.0E+10	1E-30	1.0E-10	1.0E+10	1E-30	1.0E-10	1.0E+10	1E-30	1.0E-10	1.0E+10	1E-30	1.0E-10	1.0E+10	1E-30	1.0E-10	1.0E+10	1E-30	1.0E-10	1.0E+10	1E-30	1.0E-10	1.0E+10	1E-30	1.0E-10	1.0E+10	1E-30	1.0E-10	1.0E+10	1E-30	1.0E-10	1.0E+10	1E-30	1.0E-10	1.0E+10	1E-30	1.0E-10
18	0.000000000001	1.0E+10	1.0E+10	1E-30	0.000000000302	1.0E+10	1E-30	1.0E+10	0.25	1E-30	2.82721663732767E-12	0.352931325011504	6.96330991034522E-12	9.03606148231761E-12	41.2142591842798	8.64181774752564E-13	5.47098036307973E-11	100000	1.0E+10	1E-30	1.0E-10	1.0E+10	1E-30	1.0E-10	1.0E+10	1E-30	1.0E-10	1.0E+10	1E-30	1.0E-10	1.0E+10	1E-30	1.0E-10	1.0E+10	1E-30	1.0E-10	1.0E+10	1E-30	1.0E-10	1.0E+10	1E-30	1.0E-10	1.0E+10	1E-30	1.0E-10	1.0E+10	1E-30	1.0E-10	1.0E+10	1E-30	1.0E-10	1.0E+10	1E-30	1.0E-10
19	0.000000000001	1.0E+10	1.0E+10	1E-30	0.000000000302	1.0E+10	1E-30	1.0E+10	0.25	1E-30	2.82721663732767E-12	0.352931325011504	6.96330991034522E-12	9.03606148231761E-12	41.2142591842798	8.64181774752564E-13	5.47098036307973E-11	100000	1.0E+10	1E-30	1.0E-10	1.0E+10	1E-30	1.0E-10	1.0E+10	1E-30	1.0E-10	1.0E+10	1E-30	1.0E-10	1.0E+10	1E-30	1.0E-10	1.0E+10	1E-30	1.0E-10	1.0E+10	1E-30	1.0E-10	1.0E+10	1E-30	1.0E-10	1.0E+10	1E-30	1.0E-10	1.0E+10	1E-30	1.0E-10	1.0E+10	1E-30	1.0E-10	1.0E+10	1E-30	1.0E-10
20	0.000000000001	1.0E+10	1.0E+10	1E-30	0.000000000302	1.0E+10	1E-30	1.0E+10	0.25	1E-30	2.82721663732767E-12	0.352931325011504	6.96330991034522E-12	9.03606148231761E-12	41.2142591842798	8.64181774752564E-13	5.47098036307973E-11	100000	1.0E+10	1E-30	1.0E-10	1.0E+10	1E-30	1.0E-10	1.0E+10	1E-30	1.0E-10	1.0E+10	1E-30	1.0E-10	1.0E+10	1E-30	1.0E-10	1.0E+10	1E-30	1.0E-10	1.0E+10	1E-30	1.0E-10	1.0E+10	1E-30	1.0E-10	1.0E+10	1E-30	1.0E-10	1.0E+10	1E-30	1.0E-10	1.0E+10	1E-30	1.0E-10	1.0E+10	1E-30	1.0E-10
21	0.0000000000011	1.0E+10	1.0E+10	1E-30	0.000000000298	1.0E+10	1E-30	1.0E+10	0.3	1E-30	2.82124944114098E-12	0.703148510446471	4.00207439068705E-11	7.03254624638573E-12	1.0E+10	1.0E+10	1E-30	1.0E-10	1.0E+10	1E-30	1.0E-10	1.0E+10	1E-30	1.0E-10	1.0E+10	1E-30	1.0E-10	1.0E+10	1E-30	1.0E-10	1.0E+10	1E-30	1.0E-10	1.0E+10	1E-30	1.0E-10	1.0E+10	1E-30	1.0E-10	1.0E+10	1E-30	1.0E-10	1.0E+10	1E-30	1.0E-10	1.0E+10	1E-30	1.0E-10	1.0E+10	1E-30	1.0E-10	1.0E+10	1E-30	1.0E-10
22	0.0000000000011	1.0E+10	1.0E+10	1E-30	0.000000000298	1.0E+10	1E-30	1.0E+10	0.3	1E-30	2.82124944114098E-12	0.703148510446471	4.00207439068705E-11	7.03254624638573E-12	1.0E+10	1.0E+10	1E-30	1.0E-10	1.0E+10	1E-30	1.0E-10	1.0E+10	1E-30	1.0E-10	1.0E+10	1E-30	1.0E-10	1.0E+10	1E-30	1.0E-10	1.0E+10	1E-30	1.0E-10	1.0E+10	1E-30	1.0E-10	1.0E+10	1E-30	1.0E-10	1.0E+10	1E-30	1.0E-10	1.0E+10	1E-30	1.0E-10	1.0E+10	1E-30	1.0E-10	1.0E+10	1E-30	1.0E-10	1.0E+10	1E-30	1.0E-10
23	0.0000000000011	1.0E+10	1.0E+10	1E-30	0.000000000298	1.0E+10	1E-30	1.0E+10	0.3	1E-30	2.82124944114098E-12	0.703148510446471	4.00207439068705E-11	7.03254624638573E-12	1.0E+10	1.0E+10	1E-30	1.0E-10	1.0E+10	1E-30	1.0E-10	1.0E+10	1E-30	1.0E-10	1.0E+10	1E-30	1.0E-10	1.0E+10	1E-30	1.0E-10	1.0E+10	1E-30	1.0E-10	1.0E+10	1E-30	1.0E-10	1.0E+10	1E-30	1.0E-10	1.0E+10	1E-30	1.0E-10	1.0E+10	1E-30	1.0E-10	1.0E+10	1E-30	1.0E-10	1.0E+10	1E-30	1.0E-10	1.0E+10	1E-30	1.0E-10
24	0.0000000000011	1.0E+10	1.0E+10	1E-30	0.000000000298	1.0E+10	1E-30	1.0E+10	0.3	1E-30	2.82124944114098E-12	0.703148510446471	4.00207439068705E-11	7.03254624638573E-12	1.0E+10	1.0E+10	1E-30	1.0E-10	1.0E+10	1E-30	1.0E-10	1.0E+10	1E-30	1.0E-10	1.0E+10	1E-30	1.0E-10	1.0E+10	1E-30	1.0E-10	1.0E+10	1E-30	1.0E-10	1.0E+10	1E-30	1.0E-10	1.0E+10	1E-30	1.0E-10	1.0E+10	1E-30	1.0E-10	1.0E+10	1E-30	1.0E-10	1.0E+10	1E-30	1.0E-10	1.0E+10	1E-30	1.0E-10	1.0E+10	1E-30	1.0E-10
25	0.0000000000012	1.0E+10	1.0E+10	1E-30	0.000000000295	1.0E+10	1E-30	1.0E+10	0.23	1E-30	2.49632138294569E-11	14.1163648517903	2.00968158344653E-11	1.32675094398963E-11	1.0E+10	1.0E+10	1E-30	1.0E-10	1.0E+10	1E-30	1.0E-10	1.0E+10	1E-30	1.0E-10	1.0E+10	1E-30	1.0E-10	1.0E+10	1E-30	1.0E-10	1.0E+10	1E-30	1.0E-10	1.0E+10	1E-30	1.0E-10	1.0E+10	1E-30	1.0E-10	1.0E+10	1E-30	1.0E-10	1.0E+10	1E-30	1.0E-10	1.0E+10	1E-30	1.0E-10	1.0E+10	1E-30	1.0E-10	1.0E+10	1E-30	1.0E-10
26	0.0000000000012	1.0E+10	1.0E+10	1E-30	0.000000000295	1.0E+10	1E-30	1.0E+10	0.23	1E-30	2.49632138294569E-11	14.1163648517903	2.00968158344653E-11	1.32675094398963E-11	1.0E+10	1.0E+10	1E-30	1.0E-10	1.0E+10	1E-30	1.0E-10	1.0E+10	1E-30	1.0E-10	1.0E+10	1E-30	1.0E-10	1.0E+10	1E-30	1.0E-10	1.0E+10	1E-30	1.0E-10	1.0E+10	1E-30	1.0E-10	1.0E+10	1E-30	1.0E-10	1.0E+10	1E-30	1.0E-10	1.0E+10	1E-30	1.0E-10	1.0E+10	1E-30	1.0E-10	1.0E+10	1E-30	1.0E-10	1.0E+10	1E-30	1.0E-10
27	0.0000000000012	1.0E+10	1.0E+10	1E-30	0.000000000295	1.0E+10	1E-30	1.0E+10	0.23	1E-30	2.49632138294569E-11	14.1163648517903	2.00968158344653E-11	1.32675094398963E-11	1.0E+10	1.0E+10	1E-30	1.0E-10	1.0E+10	1E-30	1.0E-10	1.0E+10	1E-30	1.0E-10	1.0E+10	1E-30	1.0E-10	1.0E+10	1E-30	1.0E-10	1.0E+10	1E-30	1.0E-10	1.0E+10	1E-30	1.0E-10	1.0E+10	1E-30	1.0E-10	1.0E+10	1E-30	1.0E-10	1.0E+10	1E-30	1.0E-10	1.0E+10	1E-30	1.0E-10	1.0E+10	1E-30	1.0E-10	1.0E+10	1E-30	1.0E-10
28	0.0000000000012	1.0E+10	1.0E+10	1E-30	0.000000000295	1.0E+10	1E-30	1.0E+10	0.23	1E-30	2.49632138294569E-11	14.1163648517903	2.00968158344653E-11	1.32675094398963E-11	1.0E+10	1.0E+10	1E-30	1.0E-10	1.0E+10	1E-30	1.0E-10	1.0E+10	1E-30	1.0E-10	1.0E+10	1E-30	1.0E-10	1.0E+10	1E-30	1.0E-10	1.0E+10	1E-30	1.0E-10	1.0E+10	1E-30	1.0E-10	1.0E+10	1E-30	1.0E-10	1.0E+10	1E-30	1.0E-10	1.0E+10	1E-30	1.0E-10	1.0E+10	1E-30	1.0E-10	1.0E+10	1E-30	1.0E-10	1.0E+10	1E-30	1.0E-10
29	0.0000000000013	1.0E+10	1.0E+10	1E-30	0.000000000232	1.0E+10	1E-30	1.0E+10	0.25	1E-30	5.06964155009799E-11	48.7358508693715	2.0604950660104E-11	1.36592286476461E-11	1.0E+10	1.0E+10	1E-30	1.0E-10	1.0E+10	1E-30	1.0E-10	1.0E+10	1E-30	1.0E-10	1.0E+10	1E-30	1.0E-10	1.0E+10	1E-30	1.0E-10	1.0E+10	1E-30	1.0E-10	1.0E+10	1E-30	1.0E-10	1.0E+10	1E-30	1.0E-10	1.0E+10	1E-30	1.0E-10	1.0E+10	1E-30	1.0E-10	1.0E+10	1E-30	1.0E-10	1.0E+10	1E-30	1.0E-10	1.0E+10	1E-30	1.0E-10
30	0.0000000000013	1.0E+10	1.0E+10	1E-30	0.000000000232	1.0E+10	1E-30	1.0E+10	0.25	1E-30	5.06964155009799E-11	48.7358508693715	2.0604950660104E-11	1.36592286476461E-11	1.0E+10	1.0E+10	1E-30	1.0E-10	1.0E+10	1E-30	1.0E-10	1.0E+10	1E-30	1.0E-10	1.0E+10	1E-30	1.0E-10	1.0E+10	1E-30	1.0E-10	1.0E+10	1E-30	1.0E-10	1.0E+10	1E-30	1.0E-10	1.0E+10	1E-30	1.0E-10	1.0E+10	1E-30	1.0E-10	1.0E+10	1E-30	1.0E-10	1.0E+10	1E-30	1.0E-10	1.0E+10	1E-30	1.0E-10	1.0E+10	1E-30	1.0E-10
31	0.0000000000013	1.0E+10	1.0E+10	1E-30	0.000000000232	1.0E+10	1E-30	1.0E+10	0.25	1E-30	5.06964155009799E-11	48.7358508693715	2.0604950660104E-11	1.36592286476461E-11	1.0E+10	1.0E+10	1E-30	1.0E-10	1.0E+10	1E-30	1.0E-10	1.0E+10	1E-30	1.0E-10	1.0E+10	1E-30	1.0E-10	1.0E+10	1E-30	1.0E-10	1.0E+10	1E-30	1.0E-10	1.0E+10	1E-30	1.0E-10	1.0E+10	1E-30	1.0E-10	1.0E+10	1E-30	1.0E-10	1.0E+10	1E-30	1.0E-10	1.0E+10	1E-30	1.0E-10	1.0E+10	1E-30	1.0E-10	1.0E+10	1E-30	1.0E-10
32	0.0000000000013	1.0E+10	1.0E+10	1E-30	0.000000000232	1.0E+10	1E-30	1.0E+10	0.25	1E-30	5.06964155009799E-11	48.7358508693715	2.0604950660104E-11	1.36592286476461E-11	1.0E+10	1.0E+10	1E-30	1.0E-10	1.0E+10	1E-30	1.0E-10	1.0E+10	1E-30	1.0E-10	1.0E+10	1E-30	1.0E-10	1.0E+10	1E-30	1.0E-10	1.0E+10	1E-30	1.0E-10	1.0E+10	1E-30	1.0E-10	1.0E+10	1E-30	1.0E-10	1.0E+10	1E-30	1.0E-10	1.0E+10	1E-30	1.0E-10	1.0E+10	1E-30	1.0E-10	1.0E+10	1E-30	1.0E-10	1.0E+10	1E-30	1.0E-10
33	0.0000000000015	1.0E+10	1.0E+10	1E-30	0.000000000322	1.0E+10	1E-30	1.0E+10	0.28	1E-30	1.37684443239965E-12	6.48822653094412E-02	0.0000000000337	0.0000000000082	1.0E+10	2.75876263957895E-10	1.21307435634484E-12	0.303021849600655	1.0E+10	1E-30	1.0E-10	1.0E+10	1E-30	1.0E-10	1.0E+10	1E-30	1.0E-10	1.0E+10	1E-30	1.0E-10	1.0E+10	1E-30	1.0E-10	1.0E+10	1E-30	1.0E-10	1.0E+10	1E-30	1.0E-10	1.0E+10	1E-30	1.0E-10	1.0E+10	1E-30	1.0E-10	1.0E+10	1E-30	1.0E-10	1.0E+10	1E-30	1.0E-10	1.0E+10	1E-30	1.0E-10
34	0.0000000000015	1.0E+10	1.0E+10	1E-30	0.000000000322	1.0E+10	1E-30	1.0E+10	0.28	1E-30	1.37684443239965E-12	6.48822653094412E-02	0.0000000000337	0.0000000000082	1.0E+10	2.75876263957895E-10	1.21307435634484E-12	0.303021849600655	1.0E+10	1E-30	1.0E-10	1.0E+10	1E-30	1.0E-10	1.0E+10	1E-30	1.0E-10	1.0E+10	1E-30	1.0E-10	1.0E+10	1E-30	1.0E-10	1.0E+10	1E-30	1.0E-10	1.0E+10	1E-30	1.0E-10	1.0E+10	1E-30	1.0E-10	1.0E+10	1E-30	1.0E-10	1.0E+10	1E-30	1.0E-10	1.0E+10	1E-30	1.0E-10	1.0E+10	1E-30	1.0E-10
35	0.0000000000015	1.0E+10	1.0E+10	1E-30	0.000000000322	1.0E+10	1E-30	1.0E+10	0.28	1E-30	1.37684443239965E-12	6.48822653094412E-02	0.0000000000337	0.0000000000082	1.0E+10	2.75876263957895E-10	1.21307435634484E-12	0.303021849600655	1.0E+10	1E-30	1.0E-10	1.0E+10	1E-30	1.0E-10	1.0E+10	1E-30	1.0E-10	1.0E+10	1E-30	1.0E-10	1.0E+10	1E-30	1.0E-10	1.0E+10	1E-30	1.0E-10	1.0E+10	1E-30	1.0E-10	1.0E+10	1E-30	1.0E-10	1.0E+10	1E-30	1.0E-10	1.0E+10	1E-30	1.0E-10	1.0E+10	1E-30	1.0E-10	1.0E+10	1E-30	1.0E-10
36	0.0000000000015	1.0E+10	1.0E+10	1E-30	0.000000000322	1.0E+10	1E-30	1.0E+10	0.28	1E-30	1.37684443239965E-12	6.48822653094412E-02	0.0000000000337	0.0000000000082	1.0E+10	2.75876263957895E-10	1.21307435634484E-12	0.303021849600655	1.0E+10	1E-30	1.0E-10	1.0E+10	1E-30	1.0E-10	1.0E+10	1E-30	1.0E-10	1.0E+10	1E-30	1.0E-10	1.0E+10	1E-30	1.0E-10	1.0E+10	1E-30	1.0E-10	1.0E+10	1E-30	1.0E-10	1.0E+10	1E-30	1.0E-10	1.0E+10	1E-30	1.0E-10	1.0E+10	1E-30	1.0E-10	1.0E+10	1E-30	1.0E-10	1.0E+10	1E-30	1.0E-10
37	0.0000000000016	1.0E+10	1.0E+10	1E-30	0.000000000235	1.0E+10	1E-30	1.0E+10	0.2	1E-30	3.3460498123811E-11	18.9214659164195	6.26506156714962E-12	3.54658251609349E-11	1.0E+10	4.14216704087211E-10	7.64403501254361E-13	0.192115553913521	1.0E+10	1E-30	1.0E-10	1.0E+10	1E-30	1.0E-10	1.0E+10	1E-30	1.0E-10	1.0E+10	1E-30	1.0E-10	1.0E+10	1E-30	1.0E-10	1.0E+10	1E-30	1.0E-10	1.0E+10	1E-30	1.0E-10	1.0E+10	1E-30	1.0E-10	1.0E+10	1E-30	1.0E-10	1.0E+10	1E-30	1.0E-10	1.0E+10	1E-30	1.0E-10	1.0E+10	1E-30	1.0E-10
38	0.0000000000016	1.0E+10	1.0E+10	1E-30	0.000000000235	1.0E+10	1E-30	1.0E+10	0.2	1E-30	3.3460498123811E-11	18.9214659164195	6.26506156714962E-12	3.54658251609349E-11	1.0E+10	4.14216704087211E-10	7.64403501254361E-13	0.192115553913521	1.0E+10	1E-30	1.0E-10	1.0E+10	1E-30	1.0E-10	1.0E+10	1E-30	1.0E-10	1.0E+10	1E-30	1.0E-10	1.0E+10	1E-30	1.0E-10	1.0E+10	1E-30	1.0E-10	1.0E+10	1E-30	1.0E-10	1.0E+10	1E-30	1.0E-10	1.0E+10	1E-30	1.0E-10	1.0E+10	1E-30	1.0E-10	1.0E+10	1E-30	1.0E-10	1.0E+10	1E-30	1.0E-10
39	0.0000000000016	1.0E+10	1.0E+10	1E-30	0.000000000235	1.0E+10	1E-30	1.0E+10	0.2	1E-30	3.3460498123811E-11	18.9214659164195	6.26506156714962E-12	3.54658251609349E-11	1.0E+10	4.14216704087211E-10	7.64403501254361E-13	0.192115553913521	1.0E+10	1E-30	1.0E-10	1.0E+10	1E-30	1.0E-10	1.0E+10	1E-30	1.0E-10	1.0E+10	1E-30	1.0E-10	1.0E+10	1E-30	1.0E-10	1.0E+10	1E-30	1.0E-10	1.0E+10	1E-30	1.0E-10	1.0E+10	1E-30	1.0E-10	1.0E+10	1E-30	1.0E-10	1.0E+10	1E-30	1.0E-10	1.0E+10	1E-30	1.0E-10	1.0E+10	1E-30	1.0E-10
40	0.0000000000016	1.0E+10	1.0E+10	1E-30	0.000000000235	1.0E+10	1E-30	1.0E+10	0.2	1E-30	3.3460498123811E-11	18.9214659164195	6.26506156714962E-12	3.54658251609349E-11	1.0E+10	4.14216704087211E-10	7.64403501254361E-13	0.192115553913521	1.0E+10	1E-30	1.0E-10	1.0E+10	1E-30	1.0E-10	1.0E+10	1E-30	1.0E-10	1.0E+10	1E-30	1.0E-10	1.0E+10	1E-30	1.0E-10	1.0E+10	1E-30	1.0E-10	1.0E+10	1E-30	1.0E-10	1.0E+10	1E-30	1.0E-10	1.0E+10	1E-30	1.0E-10	1.0E+10	1E-30	1.0E-10	1.0E+10	1E-30	1.0E-10	1.0E+10	1E-30	1.0E-10
41	0.0000000000018	1.0E+10	1.0E+10	1E-30	0.00000000027	1.0E+10	1E-30	1.0E+10	0.2	1E-30	2.22220345310773E-12	0.186166881148403	1.14435078690257E-11	2.45945330366421E-11	1.0E+10	3.22521872518525E-11	7.87350642708102E-12	4.9347023148873	1.0E+10	1E-30	1.0E-10	1.0E+10	1E-30	1.0E-10	1.0E+10	1E-30	1.0E-10	1.0E+10	1E-30	1.0E-10	1.0E+10	1E-30	1.0E-10	1.0E+10	1E-30	1.0E-10	1.0E+10	1E-30	1.0E-10	1.0E+10	1E-30	1.0E-10	1.0E+10	1E-30	1.0E-10	1.0E+10	1E-30	1.0E-10	1.0E+10	1E-30	1.0E-10	1.0E+10	1E-30	1.0E-10
42	0.0000000000018	1.0E+10	1.0E+10	1E-30	0.00000000027	1.0E+10	1E-30	1.0E+10	0.2	1E-30	2.22220345310773E-12	0.186166881148403	1.14435078690257E-11	2.45945330366421E-11	1.0E+10	3.22521872518525E-11	7.87350642708102E-12	4.9347023148873	1.0E+10	1E-30	1.0E-10	1.0E+10	1E-30	1.0E-10	1.0E+10	1E-30	1.0E-10	1.0E+10	1E-30	1.0E-10	1.0E+10	1E-30	1.0E-10	1.0E+10	1E-30	1.0E-10	1.0E+10	1E-30	1.0E-10	1.0E+10	1E-30	1.0E-10	1.0E+10	1E-30	1.0E-10	1.0E+10	1E-30	1.0E-10	1.0E+10	1E-30	1.0E-10	1.0E+10	1E-30	1.0E-10
43	0.0000000000018	1.0E+10	1.0E+10	1E-30	0.00000000027	1.0E+10	1E-30	1.0E+10	0.2	1E-30	2.22220345310773E-12	0.186166881148403	1.14435078690257E-11	2.45945330366421E-11	1.0E+10	3.22521872518525E-11	7.87350642708102E-12	4.9347023148873	1.0E+10	1E-30	1.0E-10	1.0E+10	1E-30	1.0E-10	1.0E+10	1E-30	1.0E-10	1.0E+10	1E-30	1.0E-10	1.0E+10	1E-30	1.0E-10	1.0E+10	1E-30	1.0E-10	1.0E+10	1E-30	1.0E-10	1.0E+10	1E-30	1.0E-10	1.0E+10	1E-30	1.0E-10	1.0E+10	1E-30	1.0E-10	1.0E+10	1E-30	1.0E-10	1.0E+10	1E-30	1.0E-10
44	0.0000000000018	1.0E+10	1.0E+10	1E-30	0.00000000027	1.0E+10	1E-30	1.0E+10	0.2	1E-30	2.22220345310773E-12	0.186166881148403	1.14435078690257E-11	2.45945330366421E-11	1.0E+10	3.22521872518525E-11	7.87350642708102E-12	4.9347023148873	1.0E+10	1E-30	1.0E-10	1.0E+10	1E-30	1.0E-10	1.0E+10	1E-30	1.0E-10	1.0E+10	1E-30	1.0E-10	1.0E+10	1E-30	1.0E-10	1.0E+10	1E-30	1.0E-10	1.0E+10	1E-30	1.0E-10	1.0E+10	1E-30	1.0E-10	1.0E+10	1E-30	1.0E-10	1.0E+10	1E-30	1.0E-10	1.0E+10	1E-30	1.0E-10	1.0E+10	1E-30	1.0E-10
45	0.000000000002	1.0E+10	1.0E+10	1E-30	0.000000000281	1.0E+10	1E-30	1.0E+10	0.2	6.54709471320237E-12	3.7930753302945E-11	1.0E+10	1.54784735801747E-10	2.37550499694971E-12	0.508324911054712	1.0E+10	1E-30	1.0E-10	1.0E+10	1E-30	1.0E-10	1.0E+10	1E-30	1.0E-10	1.0E+10	1E-30	1.0E-10	1.0E+10	1E-30	1.0E-10	1.0E+10	1E-30	1.0E-10	1.0E+10	1E-30	1.0E-10	1.0E+10	1E-30	1.0E-10	1.0E+10	1E-30	1.0E-10	1.0E+10	1E-30	1.0E-10	1.0E+10	1E-30	1.0E-10	1.0E+10	1E-30	1.0E-10	1.0E+10	1E-30	1.0E-10
46	0.000000000002	1.0E+10	1.0E+10	1E-30	0.000000000281	1.0E+10	1E-30	1.0E+10	0.2	6.54709471320237E-12	3.7930753302945E-11	1.0E+10	1.54784735801747E-10	2.37550499694971E-12	0.508324911054712	1.0E+10	1E-30	1.0E-10	1.0E+10	1E-30	1.0E-10	1.0E+10	1E-30	1.0E-10	1.0E+10	1E-30	1.0E-10	1.0E+10	1E-30	1.0E-10	1.0E+10	1E-30	1.0E-10	1.0E+10	1E-30	1.0E-10	1.0E+10	1E-30	1.0E-10	1.0E+10	1E-30	1.0E-10	1.0E+10	1E-30	1.0E-10	1.0E+10	1E-30	1.0E-10	1.0E+10	1E-30	1.0E-10	1.0E+10	1E-30	1.0E-10
47	0.000000000002	1.0E+10	1.0E+10	1E-30	0.000000000281	1.0E+10	1E-30	1.0E+10	0.2	6.54709471320237E-12	3.7930753302945E-11	1.0E+10	1.54784735801747E-10	2.37550499694971E-12	0.508324911054712	1.0E+10	1E-30	1.0E-10	1.0E+10	1E-30	1.0E-10	1.0E+10	1E-30	1.0E-10	1.0E+10	1E-30	1.0E-10	1.0E+10	1E-30	1.0E-10	1.0E+10	1E-30	1.0E-10	1.0E+10	1E-30	1.0E-10	1.0E+10	1E-30	1.0E-10	1.0E+10	1E-30	1.0E-10	1.0E+10	1E-30	1.0E-10	1.0E+10	1E-30	1.0E-10	1.0E+10	1E-30	1.0E-10	1.0E+10	1E-30	1.0E-10
48	0.000000000002	1.0E+10	1.0E+10	1E-30	0.000000000281	1.0E+10	1E-30	1.0E+10	0.2	6.54709471320237E-12	3.7930753302945E-11	1.0E+10	1.54784735801747E-10	2.37550499694971E-12	0.508324911054712	1.0E+10	1E-30	1.0E-10	1.0E+10	1E-30	1.0E-10	1.0E+10	1E-30	1.0E-10	1.0E+10	1E-30	1.0E-10	1.0E+10	1E-30	1.0E-10	1.0E+10	1E-30	1.0E-10	1.0E+10	1E-30	1.0E-10	1.0E+10	1E-30	1.0E-10	1.0E+10	1E-30	1.0E-10	1.0E+10	1E-30	1.0E-10	1.0E+10	1E-30	1.0E-10	1.0E+10	1E-30	1.0E-10	1.0E+10	1E-30	1.0E-10
49	0.0000000000022	1.0E+10	1.0E+10	1E-30	0.000000000273	1.0E+10	1E-30	1.0E+10	0.18	7.0387022392526E-12	3.52815371323143E-11	1.0E+10	1.31076180347977E-10	2.80517720590007E-12	0.488625437259213	1.0E+10	1E-30	1.0E-10	1.0E+10	1E-30	1.0E-10	1.0E+10	1E-30	1.0E-10	1.0E+10	1E-30	1.0E-10	1.0E+10	1E-30	1.0E-10	1.0E+10	1E-30	1.0E-10	1.0E+10	1E-30	1.0E-10	1.0E+10	1E-30	1.0E-10	1.0E+10	1E-30	1.0E-10	1.0E+10	1E-30	1.0E-10	1.0E+10	1E-30	1.0E-10	1.0E+10	1E-30	1.0E-10	1.0E+10	1E-30	1.0E-10
50	0.0000000000022	1.0E+10	1.0E+10	1E-30	0.000000000273	1.0E+10	1E-30	1.0E+10	0.18	7.0387022392526E-12	3.52815371323143E-11	1.0E+10	1.31076180347977E-10	2.80517720590007E-12	0.488625437259213	1.0E+10	1E-30	1.0E-10	1.0E+10	1E-30	1.0E-10	1.0E+10	1E-30	1.0E-10	1.0E+10	1E-30	1.0E-10	1.0E+10	1E-30	1.0E-10	1.0E+10	1E-30	1.0E-10	1.0E+10	1E-30	1.0E-10	1.0E+10	1E-30	1.0E-10	1.0E+10	1E-30	1.0E-10	1.0E+10	1E-30	1.0E-10	1.0E+10	1E-30	1.0E-10	1.0E+10	1E-30	1.0E-10	1.0E+10	1E-30	1.0E-10
51	0.0000000000022	1.0E+10	1.0E+10	1E-30	0.000000000273	1.0E+10	1E-30	1.0E+10	0.18	7.0387022392526E-12	3.52815371323143E-11	1.0E+10	1.31076180347977E-10	2.80517720590007E-12	0.488625437259213	1.0E+10	1E-30	1.0E-10	1.0E+10	1E-30	1.0E-10	1.0E+10	1E-30	1.0E-10	1.0E+10	1E-30	1.0E-10	1.0E+10	1E-30	1.0E-10	1.0E+10	1E-30	1.0E-10	1.0E+10	1E-30	1.0E-10	1.0E+10	1E-30	1.0E-10	1.0E+10	1E-30	1.0E-10	1.0E+10	1E-30	1.0E-10	1.0E+10	1E-30	1.0E-10	1.0E+10	1E-30	1.0E-10	1.0E+10	1E-30	1.0E-10
52	0.0000000000022	1.0E+10	1.0E+10	1E-30	0.000000000273	1.0E+10	1E-30	1.0E+10	0.18	7.0387022392526E-12	3.52815371323143E-11	1.0E+10	1.31076180347977E-10	2.80517720590007E-12	0.488625437259213	1.0E+10	1E-30	1.0E-10	1.0E+10	1E-30	1.0E-10	1.0E+10	1E-30	1.0E-10	1.0E+10	1E-30	1.0E-10	1.0E+10	1E-30	1.0E-10	1.0E+10	1E-30	1.0E-10	1.0E+10	1E-30	1.0E-10	1.0E+10	1E-30	1.0E-10	1.0E+10	1E-30	1.0E-10	1.0E+10	1E-30	1.0E-10	1.0E+10	1E-30	1.0E-10	1.0E+10	1E-30	1.0E-10	1.0E+10	1E-30	1.0E-10
53	0.0000000000024	1.0E+10	1.0E+10	1E-30	0.000000000188	1.0E+10	1E-30	1.0E+10	0.15	1E-30	5.69104440747962E-12	0.42909463924299	3.03291279862696E-12	8.87978319941285E-11	1.0E+10	4.79152131328153E-11	6.60810373533449E-12	1.66079761192689	1.0E+10	1E-30	1.0E-10	1.0E+10	1E-30	1.0E-10	1.0E+10	1E-30	1.0E-10	1.0E+10	1E-30	1.0E-10	1.0E+10	1E-30	1.0E-10	1.0E+10	1E-30	1.0E-10	1.0E+10	1E-30	1.0E-10	1.0E+10	1E-30	1.0E-10	1.0E+10	1E-30	1.0E-10	1.0E+10	1E-30	1.0E-10	1.0E+10	1E-30	1.0E-10	1.0E+10	1E-30	1.0E-10
54	0.0000000000024	1.0E+10	1.0E+10	1E-30	0.000000000188	1.0E+10	1E-30	1.0E+10	0.15	1E-30	5.69104440747962E-12	0.42909463924299	3.03291279862696E-12	8.87978319941285E-11	1.0E+10	4.79152131328153E-11	6.60810373533449E-12	1.66079761192689	1.0E+10	1E-30	1.0E-10	1.0E+10	1E-30	1.0E-10	1.0E+10	1E-30	1.0E-10	1.0E+10	1E-30	1.0E-10	1.0E+10	1E-30	1.0E-10	1.0E+10	1E-30	1.0E-10	1.0E+10	1E-30	1.0E-10	1.0E+10	1E-30	1.0E-10	1.0E+10	1E-30	1.0E-10	1.0E+10	1E-30	1.0E-10	1.0E+10	1E-30	1.0E-10	1.0E+10	1E-30	1.0E-10
55	0.0000000000024	1.0E+10	1.0E+10	1E-30	0.000000000188	1.0E+10	1E-30	1.0E+10	0.15	1E-30	5.69104440747962E-12	0.42909463924299	3.03291279862696E-12	8.87978319941285E-11	1.0E+10	4.79152131328153E-11	6.60810373533449E-12	1.66079761192689	1.0E+10	1E-30	1.0E-10	1.0E+10	1E-30	1.0E-10	1.0E+10	1E-30	1.0E-10	1.0E+10	1E-30	1.0E-10	1.0E+10	1E-30	1.0E-10	1.0E+10	1E-30	1.0E-10	1.0E+10	1E-30	1.0E-10	1.0E+10	1E-30	1.0E-10	1.0E+10	1E-30	1.0E-10	1.0E+10	1E-30	1.0E-10	1.0E+10	1E-30	1.0E-10	1.0E+10	1E-30	1.0E-10
56	0.0000000000024	1.0E+10	1.0E+10	1E-30	0.000000000188	1.0E+10	1E-30	1.0E+10	0.15	1E-30	5.69104440747962E-12	0.42909463924299	3.03291279862696E-12	8.87978319941285E-11	1.0E+10	4.79152131328153E-11	6.60810373533449E-12	1.66079761192689	1.0E+10	1E-30	1.0E-10	1.0E+10	1E-30	1.0E-10	1.0E+10	1E-30	1.0E-10	1.0E+10	1E-30	1.0E-10	1.0E+10	1E-30	1.0E-10	1.0E+10	1E-30	1.0E-10	1.0E+10	1E-30	1.0E-10	1.0E+10	1E-30	1.0E-10	1.0E+10	1E-30	1.0E-10	1.0E+10	1E-30	1.0E-10	1.0E+10	1E-30	1.0E-10	1.0E+10	1E-30	1.0E-10
57	0.0000000000029	1.0E+10	1.0E+10	1E-30	0.000000000095	1.0E+10	1E-30	1.0E+10	0.12	2.07586324291247E-12	1.35581056845031E-10	1.0E+10	1.01067055164373E-11	3.09418041409446E-11	15.297532786733	1.0E+10	1E-30	1.0E-10	1.0E+10	1E-30	1.0E-10	1.0E+10	1E-30	1.0E-10	1.0E+10	1E-30	1.0E-10	1.0E+10	1E-30	1.0E-10	1.0E+10	1E-30	1.0E-10	1.0E+10	1E-30	1.0E-10	1.0E+10	1E-30	1.0E-10	1.0E+10	1E-30	1.0E-10	1.0E+10	1E-30	1.0E-10	1.0E+10	1E-30	1.0E-10	1.0E+10	1E-30	1.0E-10	1.0E+10	1E-30	1.0E-10
58	0.0000000000029	1.0E+10	1.0E+10	1E-30	0.000000000095	1.0E+10	1E-30	1.0E+10	0.12	2.07586324291247E-12	1.35581056845031E-10	1.0E+10	1.01067055164373E-11	3.09418041409446E-11	15.297532786733	1.0E+10	1E-30	1.0E-10	1.0E+10	1E-30	1.0E-10	1.0E+10	1E-30	1.0E-10	1.0E+10	1E-30	1.0E-10	1.0E+10	1E-30	1.0E-10	1.0E+10	1E-30	1.0E-10	1.0E+10	1E-30	1.0E-10	1.0E+10	1E-30	1.0E-10	1.0E+10	1E-30	1.0E-10	1.0E+10	1E-30	1.0E-10	1.0E+10	1E-30	1.0E-10	1.0E+10	1E-30	1.0E-10	1.0E+10	1E-30	1.0E-10
59	0.0000000000029	1.0E+10	1.0E+10	1E-30	0.000000000095	1.0E+10	1E-30	1.0E+10	0.12	2.07586324291247E-12	1.35581056845031E-10	1.0E+10	1.01067055164373E-11	3.09418041409446E-11	15.297532786733	1.0E+10	1E-30	1.0E-10	1.0E+10	1E-30	1.0E-10	1.0E+10	1E-30	1.0E-10	1.0E+10	1E-30	1.0E-10	1.0E+10	1E-30	1.0E-10	1.0E+10	1E-30	1.0E-10	1.0E+10	1E-30	1.0E-10	1.0E+10	1E-30	1.0E-10	1.0E+10	1E-30	1.0E-10	1.0E+10	1E-30	1.0E-10	1.0E+10	1E-30	1.0E-10	1.0E+10	1E-30	1.0E-10	1.0E+10	1E-30	1.0E-10
60	0.0000000000029	1.0E+10	1.0E+10	1E-30	0.000000000095	1.0E+10	1E-30	1.0E+10	0.12	2.07586324291247E-12	1.35581056845031E-10	1.0E+10	1.01067055164373E-11	3.09418041409446E-11	15.297532786733	1.0E+10	1E-30	1.0E-10	1.0E+10	1E-30	1.0E-10	1.0E+10	1E-30	1.0E-10	1.0E+10	1E-30	1.0E-10	1.0E+10	1E-30	1.0E-10	1.0E+10	1E-30	1.0E-10	1.0E+10	1E-30	1.0E-10	1.0E+10	1E-30	1.0E-10	1.0E+10	1E-30	1.0E-10	1.0E+10	1E-30	1.0E-10	1.0E+10	1E-30	1.0E-10	1.0E+10	1E-30	1.0E-10	1.0E+10	1E-30	1.0E-10
61	0.000000000003	1.0E+10	1.0E+10	1E-30	0.000000000266	1.0E+10	1E-30	1.0E+10	0.15	5.01648335243386E-12	4.95040483483331E-11	1.0E+10	7.8713490333558E-11	4.45403106197765E-12	0.465140706855524	1.0E+10	1E-30	1.0E-10	1.0E+10	1E-30	1.0E-10	1.0E+10	1E-30	1.0E-10	1.0E+10	1E-30	1.0E-10	1.0E+10	1E-30	1.0E-10	1.0E+10	1E-30	1.0E-10	1.0E+10	1E-30	1.0E-10	1.0E+10	1E-30	1.0E-10	1.0E+10	1E-30	1.0E-10	1.0E+10	1E-30	1.0E-10	1.0E+10	1E-30	1.0E-10	1.0E+10	1E-30	1.0E-10	1.0E+10	1E-30	1.0E-10
62	0.000000000003	1.0E+10	1.0E+10	1E-30	0.000000000266	1.0E+10	1E-30	1.0E+10	0.15	5.01648335243386E-12	4.95040483483331E-11	1.0E+10	7.8713490333558E-11	4.45403106197765E-12	0.465140706855524	1.0E+10	1E-30	1.0E-10	1.0E+10	1E-30	1.0E-10	1.0E+10	1E-30	1.0E-10	1.0E+10	1E-30	1.0E-10	1.0E+10	1E-30	1.0E-10	1.0E+10	1E-30	1.0E-10	1.0E+10	1E-30	1.0E-10	1.0E+10	1E-30	1.0E-10	1.0E+10	1E-30	1.0E-10	1.0E+10	1E-30	1.0E-10	1.0E+10	1E-30	1.0E-10	1.0E+10	1E-30	1.0E-10	1.0E+10	1E-30	1.0E-10
63	0.000000000003	1.0E+10	1.0E+10	1E-30	0.000000000266	1.0E+10	1E-30	1.0E+10	0.15	5.01648335243386E-12	4.95040483483331E-11	1.0E+10	7.8713490333558E-11	4.45403106197765E-12	0.465140706855524	1.0E+10	1E-30	1.0E-10	1.0E+10	1E-30	1.0E-10	1.0E+10	1E-30	1.0E-10	1.0E+10	1E-30	1.0E-10	1.0E+10	1E-30	1.0E-10	1.0E+10	1E-30	1.0E-10	1.0E+10	1E-30	1.0E-10	1.0E+10	1E-30	1.0E-10	1.0E+10	1E-30	1.0E-10	1.0E+10	1E-30	1.0E-10	1.0E+10	1E-30	1.0E-10	1.0E+10	1E-30	1.0E-10	1.0E+10	1E-30	1.0E-10
64	0.000000000003	1.0E+10	1.0E+10	1E-30	0.000000000266	1.0E+10	1E-30	1.0E+10	0.15	5.01648335243386E-12	4.95040483483331E-11	1.0E+10	7.8713490333558E-11	4.45403106197765E-12	0.465140706855524	1.0E+10	1E-30	1.0E-10	1.0E+10	1E-30	1.0E-10	1.0E+10	1E-30	1.0E-10	1.0E+10	1E-30	1.0E-10	1.0E+10	1E-30	1.0E-10	1.0E+10	1E-30	1.0E-10	1.0E+10	1E-30	1.0E-10	1.0E+10	1E-30	1.0E-10	1.0E+10	1E-30	1.0E-10	1.0E+10	1E-30	1.0E-10	1.0E+10	1E-30	1.0E-10	1.0E+10	1E-30	1.0E-10	1.0E+10	1E-30	1.0E-10
65	0.0000000000033	1.0E+10	1.0E+10	1E-30	0.000000000158	1.0E+10	1E-30	1.0E+10	0.13	1E-30	8.41453848306882E-12	0.493454309259476	1.39783438955043E-12	1.5227814617522E-10	1.0E+10	1.92363736840103E-10	1.9346800847742E-12	0.893519384502794	1.0E+10	1E-30	1.0E-10	1.0E+10	1E-30	1.0E-10	1.0E+10	1E-30	1.0E-10	1.0E+10	1E-30	1.0E-10	1.0E+10	1E-30	1.0E-10	1.0E+10	1E-30	1.0E-10	1.0E+10	1E-30	1.0E-10	1.0E+10	1E-30	1.0E-10	1.0E+10	1E-30	1.0E-10	1.0E+10	1E-30	1.0E-10	1.0E+10	1E-30	1.0E-10	1.0E+10	1E-30	1.0E-10
66	0.0000000000033	1.0E+10	1.0E+10	1E-30	0.000000000158	1.0E+10	1E-30	1.0E+10	0.13	1E-30	8.41453848306882E-12	0.493454309259476	1.39783438955043E-12	1.5227814617522E-10	1.0E+10	1.92363736840103E-10	1.9346800847742E-12	0.893519384502794	1.0E+10	1E-30	1.0E-10	1.0E+10	1E-30	1.0E-10	1.0E+10	1E-30	1.0E-10	1.0E+10	1E-30	1.0E-10	1.0E+10	1E-30	1.0E-10	1.0E+10	1E-30	1.0E-10	1.0E+10	1E-30	1.0E-10	1.0E+10	1E-30	1.0E-10	1.0E+10	1E-30	1.0E-10	1.0E+10	1E-30	1.0E-10	1.0E+10	1E-30	1.0E-10	1.0E+10	1E-30	1.0E-10
67	0.0000000000033	1.0E+10	1.0E+10	1E-30	0.000000000158	1.0E+10	1E-30	1.0E+10	0.13	1E-30	8.41453848306882E-12	0.493454309259476	1.39783438955043E-12	1.5227814617522E-10	1.0E+10	1.92363736840103E-10	1.9346800847742E-12	0.893519384502794	1.0E+10	1E-30	1.0E-10	1.0E+10	1E-30	1.0E-10	1.0E+10	1E-30	1.0E-10	1.0E+10	1E-30	1.0E-10	1.0E+10	1E-30	1.0E-10	1.0E+10	1E-30	1.0E-10	1.0E+10	1E-30	1.0E-10	1.0E+10	1E-30	1.0E-10	1.0E+10	1E-30	1.0E-10	1.0E+10	1E-30	1.0E-10	1.0E+10	1E-30	1.0E-10	1.0E+10	1E-30	1.0E-10
68	0.0000000000033	1.0E+10	1.0E+10	1E-30	0.000000000158	1.0E+10	1E-30	1.0E+10	0.13	1E-30	8.41453848306882E-12	0.493454309259476	1.39783438955043E-12	1.5227814617522E-10	1.0E+10	1.92363736840103E-10	1.9346800847742E-12	0.893519384502794	1.0E+10	1E-30	1.0E-10	1.0E+10	1E-30	1.0E-10	1.0E+10	1E-30	1.0E-10	1.0E+10	1E-30	1.0E-10	1.0E+10	1E-30	1.0E-10	1.0E+10	1E-30	1.0E-10	1.0E+10	1E-30	1.0E-10	1.0E+10	1E-30	1.0E-10	1.0E+10	1E-30	1.0E-10	1.0E+10	1E-30	1.0E-10	1.0E+10	1E-30	1.0E-10	1.0E+10	1E-30	1.0E-10
69	0.0000000000036	1.0E+10	1.0E+10	1E-30	0.000000000205	1.0E+10	1E-30	1.0E+10	0.13	2.89476718122322E-12	9.54813664030956E-11	1.0E+10	5.63169730503733E-11	7.02782575421564E-12	0.605583517992768	1.0E+10	1E-30	1.0E-10	1.0E+10	1E-30	1.0E-10	1.0E+10	1E-30	1.0E-10	1.0E+10	1E-30	1.0E-10	1.0E+10	1E-30	1.0E-10	1.0E+10	1E-30	1.0E-10	1.0E+10	1E-30	1.0E-10	1.0E+10	1E-30	1.0E-10	1.0E+10	1E-30	1.0E-10	1.0E+10	1E-30	1.0E-10	1.0E+10	1E-30	1.0E-10	1.0E+10	1E-30	1.0E-10	1.0E+10	1E-30	1.0E-10
70	0.0000000000036	1.0E+10	1.0E+10	1E-30	0.000000000205	1.0E+10	1E-30	1.0E+10	0.13	2.89476718122322E-12	9.54813664030956E-11	1.0E+10	5.63169730503733E-11	7.02782575421564E-12	0.605583517992768	1.0E+10	1E-30	1.0E-10	1.0E+10	1E-30	1.0E-10	1.0E+10	1E-30	1.0E-10	1.0E+10	1E-30	1.0E-10	1.0E+10	1E-30	1.0E-10	1.0E+10	1E-30	1.0E-10	1.0E+10	1E-30	1.0E-10	1.0E+10	1E-30	1.0E-10	1.0E+10	1E-30	1.0E-10	1.0E+10	1E-30	1.0E-10	1.0E+10	1E-30	1.0E-10	1.0E+10	1E-30	1.0E-10	1.0E+10	1E-30	1.0E-10
71	0.0000000000036	1.0E+10	1.0E+10	1E-30	0.000000000205	1.0E+10	1E-30	1.0E+10	0.13	2.89476718122322E-12	9.54813664030956E-11	1.0E+10	5.63169730503733E-11	7.02782575421564E-12	0.605583517992768	1.0E+10	1E-30	1.0E-10	1.0E+10	1E-30	1.0E-10	1.0E+10	1E-30	1.0E-10	1.0E+10	1E-30	1.0E-10	1.0E+10	1E-30	1.0E-10	1.0E+10	1E-30	1.0E-10	1.0E+10	1E-30	1.0E-10	1.0E+10	1E-30	1.0E-10	1.0E+10	1E-30	1.0E-10	1.0E+10	1E-30	1.0E-10	1.0E+10	1E-30	1.0E-10	1.0E+10	1E-30	1.0E-10	1.0E+10	1E-30	1.0E-10
72	0.0000000000036	1.0E+10	1.0E+10	1E-30	0.000000000205	1.0E+10	1E-30	1.0E+10	0.13	2.89476718122322E-12	9.54813664030956E-11	1.0E+10	5.63169730503733E-11	7.02782575421564E-12	0.605583517992768	1.0E+10	1E-30	1.0E-10	1.0E+10	1E-30	1.0E-10	1.0E+10	1E-30	1.0E-10	1.0E+10	1E-30	1.0E-10	1.0E+10	1E-30	1.0E-10	1.0E+10	1E-30	1.0E-10	1.0E+10	1E-30	1.0E-10	1.0E+10	1E-30	1.0E-10	1.0E+10	1E-30	1.0E-10	1.0E+10	1E-30	1.0E-10	1.0E+10	1E-30	1.0E-10	1.0E+10	1E-30	1.0E-10	1.0E+10	1E-30	1.0E-10
73	0.0000000000039	1.0E+10	1.0E+10	1E-30	0.000000000198	1.0E+10	1E-30	1.0E+10	0.12	1E-30	5.42068648342229E-12	0.255443832505994	2.473129665741E-12	9.48352123217861E-11	1.0E+10	8.59202862412901E-11	4.08043718520415E-12	0.557698529313695	1.0E+10	1E-30	1.0E-10	1.0E+10	1E-30	1.0E-10	1.0E+10	1E-30	1.0E-10	1.0E+10	1E-30	1.0E-10	1.0E+10	1E-30	1.0E-10	1.0E+10	1E-30	1.0E-10	1.0E+10	1E-30	1.0E-10	1.0E+10	1E-30	1.0E-10	1.0E+10	1E-30	1.0E-10	1.0E+10	1E-30	1.0E-10	1.0E+10	1E-30	1.0E-10	1.0E+10	1E-30	1.0E-10
74	0.0000000000039	1.0E+10	1.0E+10	1E-30	0.000000000198	1.0E+10	1E-30	1.0E+10	0.12	1E-30	5.42068648342229E-12	0.255443832505994	2.473129665741E-12	9.48352123217861E-11	1.0E+10	8.59202862412901E-11	4.08043718520415E-12	0.557698529313695	1.0E+10	1E-30	1.0E-10	1.0E+10	1E-30	1.0E-10	1.0E+10	1E-30	1.0E-10	1.0E+10	1E-30	1.0E-10	1.0E+10	1E-30	1.0E-10	1.0E+10	1E-30	1.0E-10	1.0E+10	1E-30	1.0E-10	1.0E+10	1E-30	1.0E-10	1.0E+10	1E-30	1.0E-10	1.0E+10	1E-30	1.0E-10	1.0E+10	1E-30	1.0E-10	1.0E+10	1E-30	1.0E-10
75	0.0000000000039	1.0E+10	1.0E+10	1E-30	0.000000000198	1.0E+10	1E-30	1.0E+10	0.12	1E-30	5.42068648342229E-12	0.255443832505994	2.473129665741E-12	9.48352123217861E-11	1.0E+10	8.59202862412901E-11	4.08043718520415E-12	0.557698529313695	1.0E+10	1E-30	1.0E-10	1.0E+10	1E-30	1.0E-10	1.0E+10	1E-30	1.0E-10	1.0E+10	1E-30	1.0E-10	1.0E+10	1E-30	1.0E-10	1.0E+10	1E-30	1.0E-10	1.0E+10	1E-30	1.0E-10	1.0E+10	1E-30	1.0E-10	1.0E+10	1E-30	1.0E-10	1.0E+10	1E-30	1.0E-10	1.0E+10	1E-30	1.0E-10	1.0E+10	1E-30	1.0E-10
76	0.0000000000039	1.0E+10	1.0E+10	1E-30	0.000000000198	1.0E+10	1E-30	1.0E+10	0.12	1E-30	5.42068648342229E-12	0.255443832505994	2.473129665741E-12	9.48352123217861E-11	1.0E+10	8.59202862412901E-11	4.08043718520415E-12	0.557698529313695	1.0E+10	1E-30	1.0E-10	1.0E+10	1E-30	1.0E-10	1.0E+10	1E-30	1.0E-10	1.0E+10	1E-30	1.0E-10	1.0E+10	1E-30	1.0E-10	1.0E+10	1E-30	1.0E-10	1.0E+10	1E-30	1.0E-10	1.0E+10	1E-30	1.0E-10	1.0E+10	1E-30	1.0E-10	1.0E+10	1E-30	1.0E-10	1.0E+10	1E-30	1.0E-10	1.0E+10	1E-30	1.0E-10
77	0.000000000004	1.0E+10	1.0E+10	1E-30	0.000000000185	1.0E+10	1E-30	1.0E+10	0.12	1E-30	5.26246514138866E-12	0.198390261935508	2.14978746153581E-12	1.15516644719885E-10	1.0E+10	8.03817071980721E-11	4.57432326539849E-12	1.17483559247766	1.0E+10	1E-30	1.0E-10	1.0E+10	1E-30	1.0E-10	1.0E+10	1E-30	1.0E-10	1.0E+10	1E-30	1.0E-10	1.0E+10	1E-30	1.0E-10	1.0E+10	1E-30	1.0E-10	1.0E+10	1E-30	1.0E-10	1.0E+10	1E-30	1.0E-10	1.0E+10	1E-30	1.0E-10	1.0E+10	1E-30	1.0E-10	1.0E+10	1E-30	1.0E-10	1.0E+10	1E-30	1.0E-10
78	0.000000000004	1.0E+10	1.0E+10	1E-30	0.000000000185	1.0E+10	1E-30	1.0E+10	0.12	1E-30	5.26246514138866E-12	0.198390261935508	2.14978746153581E-12	1.15516644719885E-10	1.0E+10	8.03817071980721E-11	4.57432326539849E-12	1.17483559247766	1.0E+10	1E-30	1.0E-10	1.0E+10	1E-30	1.0E-10	1.0E+10	1E-30	1.0E-10	1.0E+10	1E-30	1.0E-10	1.0E+10	1E-30	1.0E-10	1.0E+10	1E-30	1.0E-10	1.0E+10	1E-30	1.0E-10	1.0E+10	1E-30	1.0E-10	1.0E+10	1E-30	1.0E-10	1.0E+10	1E-30	1.0E-10	1.0E+10	1E-30	1.0E-10	1.0E+10	1E-30	1.0E-10
79	0.000000000004	1.0E+10	1.0E+10	1E-30	0.000000000185	1.0E+10	1E-30	1.0E+10	0.12	1E-30	5.26246514138866E-12	0.198390261935508	2.14978746153581E-12	1.15516644719885E-10	1.0E+10	8.03817071980721E-11	4.57432326539849E-12	1.17483559247766	1.0E+10	1E-30	1.0E-10	1.0E+10	1E-30	1.0E-10	1.0E+10	1E-30	1.0E-10	1.0E+10	1E-30	1.0E-10	1.0E+10	1E-30	1.0E-10	1.0E+10	1E-30	1.0E-10	1.0E+10	1E-30	1.0E-10	1.0E+10	1E-30	1.0E-10	1.0E+10	1E-30	1.0E-10	1.0E+10	1E-30	1.0E-10	1.0E+10	1E-30	1.0E-10	1.0E+10	1E-30	1.0E-10
80	0.0000000000043	1.0E+10	1.0E+10	1E-30	0.000000000243	1.0E+10	1E-30	1.0E+10	0.12	1E-30	3.68940483132103E-12	7.72707140946456E-02	1E-30	7.43132275492071E-12	1.12061707071905	4.61260345013928E-12	5.28056832064274E-11	1.0E+10	1.0E+10	1E-30	1.0E-10	1.0E+10	1E-30	1.0E-10	1.0E+10	1E-30	1.0E-10	1.0E+10	1E-30	1.0E-10	1.0E+10	1E-30	1.0E-10	1.0E+10	1E-30	1.0E-10	1.0E+10	1E-30	1.0E-10	1.0E+10	1E-30	1.0E-10	1.0E+10	1E-30	1.0E-10	1.0E+10	1E-30	1.0E-10	1.0E+10	1E-30	1.0E-10	1.0E+10	1E-30	1.0E-10
81	0.0000000000043	1.0E+10	1.0E+10	1E-30	0.000000000243	1.0E+10	1E-30	1.0E+10	0.12	1E-30	3.68940483132103E-12	7.72707140946456E-02	1E-30	7.43132275492071E-12	1.12061707071905	4.61260345013928E-12	5.28056832064274E-11	1.0E+10	1.0E+10	1E-30	1.0E-10	1.0E+10	1E-30	1.0E-10	1.0E+10	1E-30	1.0E-10	1.0E+10	1E-30	1.0E-10	1.0E+10	1E-30	1.0E-10	1.0E+10	1E-30	1.0E-10	1.0E+10	1E-30	1.0E-10	1.0E+10	1E-30	1.0E-10	1.0E+10	1E-30	1.0E-10	1.0E+10	1E-30	1.0E-10	1.0E+10	1E-30	1.0E-10	1.0E+10	1E-30	1.0E-10
82	0.0000000000043	1.0E+10	1.0E+10	1E-30	0.000000000243	1.0E+10	1E-30	1.0E+10	0.12	1E-30	3.68940483132103E-12	7.72707140946456E-02	1E-30	7.43132275492071E-12	1.12061707071905	4.61260345013928E-12	5.28056832064274E-11	1.0E+10	1.0E+10	1E-30	1.0E-10	1.0E+10	1E-30	1.0E-10	1.0E+10	1E-30	1.0E-10	1.0E+10	1E-30	1.0E-10	1.0E+10	1E-30	1.0E-10	1.0E+10	1E-30	1.0E-10	1.0E+10	1E-30	1.0E-10	1.0E+10	1E-30	1.0E-10	1.0E+10	1E-30	1.0E-10	1.0E+10	1E-30	1.0E-10	1.0E+10	1E-30	1.0E-10	1.0E+10	1E-30	1.0E-10
83	0.0000000000043	1.0E+10	1.0E+10	1E-30	0.000000000243	1.0E+10	1E-30	1.0E+10	0.12	1E-30	3.68940483132103E-12	7.72707140946456E-02	1E-30	7.43132275492071E-12	1.12061707071905	4.61260345013928E-12	5.28056832064274E-11	1.0E+10	1.0E+10	1E-30	1.0E-10	1.0E+10	1E-30	1.0E-10	1.0E+10	1E-30	1.0E-10	1.0E+10	1E-30	1.0E-10	1.0E+10	1E-30	1.0E-10	1.0E+10	1E-30	1.0E-10	1.0E+10	1E-30	1.0E-10	1.0E+10	1E-30	1.0E-10	1.0E+10	1E-30	1.0E-10	1.0E+10	1E-30	1.0E-10	1.0E+10	1E-30	1.0E-10	1.0E+10	1E-30	1.0E-10
84	0.0000000000047	1.0E+10	1.0E+10	1E-30	0.000000000163	1.0E+10	1E-30	1.0E+10	0.12	1E-30	5.96124000295083E-12	0.280916816993339	0.000000000002	1.12270849395111E-10	1.0E+10	7.16805016344351E-11	4.77795796731902E-12	0.784154211323949	1.0E+10	1E-30	1.0E-10	1.0E+10	1E-30	1.0E-10	1.0E+10	1E-30	1.0E-10	1.0E+10	1E-30	1.0E-10	1.0E+10	1E-30	1.0E-10	1.0E+10	1E-30	1.0E-10	1.0E+10	1E-30	1.0E-10	1.0E+10	1E-30	1.0E-10	1.0E+10	1E-30	1.0E-10	1.0E+10	1E-30	1.0E-10	1.0E+10	1E-30	1.0E-10	1.0E+10	1E-30	1.0E-10
85	0.0000000000047	1.0E+10	1.0E+10	1E-30	0.000000000163	1.0E+10	1E-30	1.0E+10	0.12	1E-30	5.96124000295083E-12	0.280916816993339	0.000000000002	1.12270849395111E-10	1.0E+10	7.16805016344351E-11	4.77795796731902E-12	0.784154211323949	1.0E+10	1E-30	1.0E-10	1.0E+10	1E-30	1.0E-10	1.0E+10	1E-30	1.0E-10	1.0E+10	1E-30	1.0E-10	1.0E+10	1E-30	1.0E-10	1.0E+10	1E-30	1.0E-10	1.0E+10	1E-30	1.0E-10	1.0E+10	1E-30	1.0E-10	1.0E+10	1E-30	1.0E-10	1.0E+10	1E-30	1.0E-10	1.0E+10	1E-30	1.0E-10	1.0E+10	1E-30	1.0E-10
86	0.0000000000047	1.0E+10	1.0E+10	1E-30	0.000000000163	1.0E+10	1E-30	1.0E+10	0.12	1E-30	5.96124000295083E-12	0.280916816993339	0.000000000002	1.12270849395111E-10	1.0E+10	7.16805016344351E-11	4.77795796731902E-12	0.784154211323949	1.0E+10	1E-30	1.0E-10	1.0E+10	1E-30	1.0E-10	1.0E+10	1E-30	1.0E-10	1.0E+10	1E-30	1.0E-10	1.0E+10	1E-30	1.0E-10	1.0E+10	1E-30	1.0E-10	1.0E+10	1E-30	1.0E-10	1.0E+10	1E-30	1.0E-10	1.0E+10	1E-30	1.0E-10	1.0E+10	1E-30	1.0E-10	1.0E+10	1E-30	1.0E-10	1.0E+10	1E-30	1.0E-10
87	0.0000000000047	1.0E+10	1.0E+10	1E-30	0.000000000163	1.0E+10	1E-30	1.0E+10	0.12	1E-30	5.96124000295083E-12	0.280916816993339	0.000000000002	1.12270849395111E-10	1.0E+10	7.16805016344351E-11	4.77795796731902E-12	0.784154211323949	1.0E+10	1E-30	1.0E-10	1.0E+10	1E-30	1.0E-10	1.0E+10	1E-30	1.0E-10	1.0E+10	1E-30	1.0E-10	1.0E+10	1E-30	1.0E-10	1.0E+10	1E-30	1.0E-10	1.0E+10	1E-30	1.0E-10	1.0E+10	1E-30	1.0E-10	1.0E+10	1E-30	1.0E-10	1.0E+10	1E-30	1.0E-10	1.0E+10	1E-30	1.0E-10	1.0E+10	1E-30	1.0E-10
88	0.000000000005	1.0E+10	1.0E+10	1E-30	0.000000000204	1.0E+10	1E-30	1.0E+10	0.11	1E-30	7.3211106629708E-12	0.344999212123605	2.46401403378937E-12	1.00785235397212E-10	1.0E+10	1.04206714762318E-10	3.61507118964628E-12	1.22441793412494	1.0E+10	1E-30	1.0E-10	1.0E+10	1E-30	1.0E-10	1.0E+10	1E-30	1.0E-10	1.0E+10	1E-30	1.0E-10	1.0E+10	1E-30	1.0E-10	1.0E+10	1E-30	1.0E-10	1.0E+10	1E-30	1.0E-10	1.0E+10	1E-30	1.0E-10	1.0E+10	1E-30	1.0E-10	1.0E+10	1E-30	1.0E-10	1.0E+10	1E-30	1.0E-10	1.0E+10	1E-30	1.0E-10
89	0.000000000005	1.0E+10	1.0E+10	1E-30	0.000000000204	1.0E+10	1E-30	1.0E+10	0.11	1E-30	7.3211106629708E-12	0.344999212123605	2.46401403378937E-12	1.00785235397212E-10	1.0E+10	1.04206714762318E-10	3.61507118964628E-12	1.22441793412494	1.0E+10	1E-30	1.0E-10	1.0E+10	1E-30	1.0E-10	1.0E+10	1E-30	1.0E-10	1.0E+10	1E-30	1.0E-10	1.0E+10	1E-30	1.0E-10	1.0E+10	1E-30	1.0E-10	1.0E+10	1E-30	1.0E-10	1.0E+10	1E-30	1.0E-10	1.0E+10	1E-30	1.0E-10	1.0E+10	1E-30	1.0E-10	1.0E+10	1E-30	1.0E-10	1.0E+10	1E-30	1.0E-10
90	0.000000000005	1.0E+10	1.0E+10	1E-30	0.000000000204	1.0E+10	1E-30	1.0E+10	0.11	1E-30	7.3211106629708E-12	0.344999212123605	2.46401403378937E-12	1.00785235397212E-10	1.0E+10	1.04206714762318E-10	3.61507118964628E-12	1.22441793412494	1.0E+10	1E-30	1.0E-10	1.0E+10	1E-30	1.0E-10	1.0E+10	1E-30	1.0E-10	1.0E+10	1E-30	1.0E-10	1.0E+10	1E-30	1.0E-10	1.0E+10	1E-30	1.0E-10	1.0E+10	1E-30	1.0E-10	1.0E+10	1E-30	1.0E-10	1.0E+10	1E-30	1.0E-10	1.0E+10	1E-30	1.0E-10	1.0E+10	1E-30	1.0E-10	1.0E+10	1E-30	1.0E-10
91	0.0000000000051	1.0E+10	1.0E+10	1E-30	0.000000000157	1.0E+10	1E-30	1.0E+10	0.1	2.21646542426701E-12	1.26980429858455E-10	1.0E+10	4.92781398894137E-11	7.64466136811046E-12	0.620306098242749	1.0E+10	1E-30	1.0E-10	1.0E+10	1E-30	1.0E-10	1.0E+10	1E-30	1.0E-10	1.0E+10	1E-30	1.0E-10	1.0E+10	1E-30	1.0E-10	1.0E+10	1E-30	1.0E-10	1.0E+10	1E-30	1.0E-10	1.0E+10	1E-30	1.0E-10	1.0E+10	1E-30	1.0E-10	1.0E+10	1E-30	1.0E-10	1.0E+10	1E-30	1.0E-10	1.0E+10	1E-30	1.0E-10	1.0E+10	1E-30	1.0E-10
92	0.0000000000051	1.0E+10	1.0E+10	1E-30	0.000000000157	1.0E+10	1E-30	1.0E+10	0.1	2.21646542426701E-12	1.26980429858455E-10	1.0E+10	4.92781398894137E-11	7.64466136811046E-12	0.620306098242749	1.0E+10	1E-30	1.0E-10	1.0E+10	1E-30	1.0E-10	1.0E+10	1E-30	1.0E-10	1.0E+10	1E-30	1.0E-10	1.0E+10	1E-30	1.0E-10	1.0E+10	1E-30	1.0E-10	1.0E+10	1E-30	1.0E-10	1.0E+10	1E-30	1.0E-10	1.0E+10	1E-30	1.0E-10	1.0E+10	1E-30	1.0E-10	1.0E+10	1E-30	1.0E-10	1.0E+10	1E-30	1.0E-10	1.0E+10	1E-30	1.0E-10
93	0.0000000000051	1.0E+10	1.0E+10	1E-30	0.000000000157	1.0E+10	1E-30	1.0E+10	0.1	2.21646542426701E-12	1.26980429858455E-10	1.0E+10	4.92781398894137E-11	7.64466136811046E-12	0.620306098242749	1.0E+10	1E-30	1.0E-10	1.0E+10	1E-30	1.0E-10	1.0E+10	1E-30	1.0E-10	1.0E+10	1E-30	1.0E-10	1.0E+10	1E-30	1.0E-10	1.0E+10	1E-30	1.0E-10	1.0E+10	1E-30	1.0E-10	1.0E+10	1E-30	1.0E-10	1.0E+10	1E-30	1.0E-10	1.0E+10	1E-30	1.0E-10	1.0E+10	1E-30	1.0E-10	1.0E+10	1E-30	1.0E-10	1.0E+10	1E-30	1.0E-10
94	0.0000000000051	1.0E+10	1.0E+10	1E-30	0.000000000157	1.0E+10	1E-30	1.0E+10	0.1	2.21646542426701E-12	1.26980429858455E-10	1.0E+10	4.92781398894137E-11	7.64466136811046E-12	0.620306098242749	1.0E+10	1E-30	1.0E-10	1.0E+10	1E-30	1.0E-10	1.0E+10	1E-30	1.0E-10	1.0E+10	1E-30	1.0E-10	1.0E+10	1E-30	1.0E-10	1.0E+10	1E-30	1.0E-10	1.0E+10	1E-30	1.0E-10	1.0E+10	1E-30	1.0E-10	1.0E+10	1E-30	1.0E-10	1.0E+10	1E-30	1.0E-10	1.0E+10	1E-30	1.0E-10	1.0E+10	1E-30	1.0E-10	1.0E+10	1E-30	1.0E-10
95	0.0000000000056	1.0E+10	1.0E+10	1E-30	0.000000000226	1.0E+10	1E-30	1.0E+10	0.09	1E-30	4.16973996447287E-12	0.104796995518142	2.7480710039637E-12	1.00416470292754E-10	1.0E+10	5.86899119633807E-11	6.41872989245567E-12	0.705348543840016	1.0E+10	1E-30	1.0E-10	1.0E+10	1E-30	1.0E-10	1.0E+10	1E-30	1.0E-10	1.0E+10	1E-30	1.0E-10	1.0E+10	1E-30	1.0E-10	1.0E+10	1E-30	1.0E-10	1.0E+10	1E-30	1.0E-10	1.0E+10	1E-30	1.0E-10	1.0E+10	1E-30	1.0E-10	1.0E+10	1E-30	1.0E-10	1.0E+10	1E-30	1.0E-10	1.0E+10	1E-30	1.0E-10
96	0.0000000000056	1.0E+10	1.0E+10	1E-30	0.000000000226	1.0E+10	1E-30	1.0E+10	0.09	1E-30	4.16973996447287E-12	0.104796995518142	2.7480710039637E-12	1.00416470292754E-10	1.0E+10	5.86899119633807E-11	6.41872989245567E-12	0.705348543840016	1.0E+10	1E-30	1.0E-10	1.0E+10	1E-30	1.0E-10	1.0E+10	1E-30	1.0E-10	1.0E+10	1E-30	1.0E-10	1.0E+10	1E-30	1.0E-10	1.0E+10	1E-30	1.0E-10	1.0E+10	1E-30	1.0E-10	1.0E+10	1E-30	1.0E-10	1.0E+10	1E-30	1.0E-10	1.0E+10	1E-30	1.0E-10	1.0E+10	1E-30	1.0E-10	1.0E+10	1E-30	1.0E-10
97	0.0000000000056	1.0E+10	1.0E+10	1E-30	0.000000000226	1.0E+10	1E-30	1.0E+10	0.09	1E-30	4.16973996447287E-12	0.104796995518142	2.7480710039637E-12	1.00416470292754E-10	1.0E+10	5.86899119633807E-11	6.41872989245567E-12	0.705348543840016	1.0E+10	1E-30	1.0E-10	1.0E+10	1E-30	1.0E-10	1.0E+10	1E-30	1.0E-10	1.0E+10	1E-30	1.0E-10	1.0E+10	1E-30	1.0E-10	1.0E+10	1E-30	1.0E-10	1.0E+10	1E-30	1.0E-10	1.0E+10	1E-30	1.0E-10	1.0E+10	1E-30	1.0E-10	1.0E+10	1E-30	1.0E-10	1.0E+10	1E-30	1.0E-10	1.0E+10	1E-30	1.0E-10
98	0.0000000000056	1.0E+10	1.0E+10	1E-30	0.000000000226	1.0E+10	1E-30	1.0E+10	0.09	1E-30	4.16973996447287E-12	0.104796995518142	2.7480710039637E-12	1.00416470292754E-10	1.0E+10	5.86899119633807E-11	6.41872989245567E-12	0.705348543840016	1.0E+10	1E-30	1.0E-10	1.0E+10	1E-30	1.0E-10	1.0E+10	1E-30	1.0E-10	1.0E+10	1E-30	1.0E-10	1.0E+10	1E-30	1.0E-10	1.0E+10	1E-30	1.0E-10	1.0E+10	1E-30	1.0E-10	1.0E+10	1E-30	1.0E-10	1.0E+10	1E-30	1.0E-10	1.0E+10	1E-30	1.0E-10	1.0E+10	1E-30	1.0E-10	1.0E+10	1E-30	1.0E-10
99	0.000000000006	1.0E+10	1.0E+10	1E-30	0.000000000164	1.0E+10	1E-30	1.0E+10	0.1	1E-30	2.17630821129719E-11	2.39297586099544	1.6961774093213E-12	1.46409351435038E-10	1.0E+10	2.46177318391453E-10	1.53025751830605E-12	0.749420599795393	1.0E+10	1E-30	1.0E-10	1.0E+10	1E-30	1.0E-10	1.0E+10	1E-30	1.0E-10	1.0E+10	1E-30	1.0E-10	1.0E+10	1E-30	1.0E-10	1.0E+10	1E-30	1.0E-10	1.0E+10	1E-30	1.0E-10	1.0E+10	1E-30	1.0E-10	1.0E+10	1E-30	1.0E-10	1.0E+10	1E-30	1.0E-10	1.0E+10	1E-30	1.0E-10	1.0E+10	1E-30	1.0E-10
100	0.000000000006	1.0E+10	1.0E+10	1E-30	0.000000000164	1.0E+10	1E-30	1.0E+10	0.1	1E-30	2.17630821129719E-11	2.39297586099544	1.6961774093213E-12	1.46409351435038E-10	1.0E+10	2.46177318391453E-10	1.53025751830605E-12	0.749420599795393	1.0E+10	1E-30	1.0E-10	1.0E+10	1E-30	1.0E-10	1.0E+10	1E-30	1.0E-10	1.0E+10	1E-30	1.0E-10	1.0E+10	1E-30	1.0E-10	1.0E+10	1E-30	1.0E-10	1.0E+10	1E-30	1.0E-10	1.0E+10	1E-30	1.0E-10	1.0E+10	1E-30	1.0E-10	1.0E+10	1E-30	1.0E-10	1.0E+10	1E-30	1.0E-10	1.0E+10	1E-30	1.0E-10
101	0.000000000006	1.0E+10	1.0E+10	1E-30	0.000000000164	1.0E+10	1E-30	1.0E+10	0.1	1E-30	2.17630821129719E-11	2.39297586099544	1.6961774093213E-12	1.46409351435038E-10	1.0E+10	2.46177318391453E-10	1.53025751830605E-12	0.749420599795393	1.0E+10	1E-30	1.0E-10	1.0E+10	1E-30	1.0E-10	1.0E+10	1E-30	1.0E-10	1.0E+10	1E-30	1.0E-10	1.0E+10	1E-30	1.0E-10	1.0E+10	1E-30	1.0E-10	1.0E+10	1E-30	1.0E-10	1.0E+10	1E-30	1.0E-10	1.0E+10	1E-30	1.0E-10	1.0E+10	1E-30	1.0E-10	1.0E+10	1E-30	1.0E-10	1.0E+10	1E-30	1.0E-10
102	0.000000000006	1.0E+10	1.0E+10	1E-30	0.000000000164	1.0E+10	1E-30	1.0E+10	0.1	1E-30	2.17630821129719E-11	2.39297586099544	1.6961774093213E-12	1.46409351435038E-10	1.0E+10	2.46177318391453E-10	1.53025751830605E-12	0.749420599795393	1.0E+10	1E-30	1.0E-10	1.0E+10	1E-30	1.0E-10	1.0E+10	1E-30	1.0E-10	1.0E+10	1E-30	1.0E-10	1.0E+10	1E-30	1.0E-10	1.0E+10	1E-30	1.0E-10	1.0E+10	1E-30	1.0E-10	1.0E+10	1E-30	1.0E-10	1.0E+10	1E-30	1.0E-10	1.0E+10	1E-30	1.0E-10	1.0E+10	1E-30	1.0E-10	1.0E+10	1E-30	1.0E-10
103	0.0000000000062	1.0E+10	1.0E+10	1E-30	0.00000000024	1.0E+10	1E-30	1.0E+10	0.11	1E-30	6.08097239232234E-12	0.229247258332827	3.1715991625152E-12	8.68108765540127E-11	1.0E+10	6.52804685729431E-11	5.49918623996943E-12	0.791564214406715	1.0E+10	1E-30	1.0E-10	1.0E+10	1E-30	1.0E-10	1.0E+10	1E-30	1.0E-10	1.0E+10	1E-30	1.0E-10	1.0E+10	1E-30	1.0E-10	1.0E+10	1E-30	1.0E-10	1.0E+10	1E-30	1.0E-10	1.0E+10	1E-30	1.0E-10	1.0E+10	1E-30	1.0E-10	1.0E+10	1E-30	1.0E-10	1.0E+10	1E-30	1.0E-10	1.0E+10	1E-30	1.0E-10
104	0.0000000000062	1.0E+10	1.0E+10	1E-30	0.00000000024	1.0E+10	1E-30	1.0E+10	0.11	1E-30	6.08097239232234E-12	0.229247258332827	3.1715991625152E-12	8.68108765540127E-11	1.0E+10	6.52804685729431E-11	5.49918623996943E-12	0.791564214406715	1.0E+10	1E-30	1.0E-10	1.0E+10	1E-30	1.0E-10	1.0E+10	1E-30	1.0E-10	1.0E+10	1E-30	1.0E-10	1.0E+10	1E-30	1.0E-10	1.0E+10	1E-30	1.0E-10	1.0E+10	1E-30	1.0E-10	1.0E+10	1E-30	1.0E-10	1.0E+10	1E-30	1.0E-10	1.0E+10	1E-30	1.0E-10	1.0E+10	1E-30	1.0E-10	1.0E+10	1E-30	1.0E-10
105	0.0000000000062	1.0E+10	1.0E+10	1E-30	0.00000000024	1.0E+10	1E-30	1.0E+10	0.11	1E-30	6.08097239232234E-12	0.229247258332827	3.1715991625152E-12	8.68108765540127E-11	1.0E+10	6.52804685729431E-11	5.49918623996943E-12	0.791564214406715	1.0E+10	1E-30	1.0E-10	1.0E+10	1E-30	1.0E-10	1.0E+10	1E-30	1.0E-10	1.0E+10	1E-30	1.0E-10	1.0E+10	1E-30	1.0E-10	1.0E+10	1E-30	1.0E-10	1.0E+10	1E-30	1.0E-10	1.0E+10	1E-30	1.0E-10	1.0E+10	1E-30	1.0E-10	1.0E+10	1E-30	1.0E-10	1.0E+10	1E-30	1.0E-10	1.0E+10	1E-30	1.0E-10
106	0.0000000000062	1.0E+10	1.0E+10	1E-30	0.00000000024	1.0E+10	1E-30	1.0E+10	0.11	1E-30	6.08097239232234E-12	0.229247258332827	3.1715991625152E-12	8.68108765540127E-11	1.0E+10	6.52804685729431E-11	5.49918623996943E-12	0.791564214406715	1.0E+10	1E-30	1.0E-10	1.0E+10	1E-30	1.0E-10	1.0E+10	1E-30	1.0E-10	1.0E+10	1E-30	1.0E-10	1.0E+10	1E-30	1.0E-10	1.0E+10	1E-30	1.0E-10	1.0E+10	1E-30	1.0E-10	1.0E+10	1E-30	1.0E-10	1.0E+10	1E-30	1.0E-10	1.0E+10	1E-30	1.0E-10	1.0E+10	1E-30	1.0E-10	1.0E+10	1E-30	1.0E-10
107	0.0000000000068	1.0E+10	1.0E+10	1E-30	0.000000000193	1.0E+10	1E-30	1.0E+10	0.1	1E-30	6.96052592623237E-12	0.328007056724594	2.00698280738185E-12	1.23736104516737E-10	1.0E+10	8.21434198583557E-11	4.37027646443391E-12	1.15040556655373	1.0E+10	1E-30	1.0E-10	1.0E+10	1E-30	1.0E-10	1.0E+10	1E-30	1.0E-10	1.0E+10	1E-30	1.0E-10	1.0E+10	1E-30	1.0E-10	1.0E+10	1E-30	1.0E-10	1.0E+10	1E-30	1.0E-10	1.0E+10	1E-30	1.0E-10	1.0E+10	1E-30	1.0E-10	1.0E+10	1E-30	1.0E-10	1.0E+10	1E-30	1.0E-10	1.0E+10	1E-30	1.0E-10
108	0.0000000000068	1.0E+10	1.0E+10	1E-30	0.000000000193	1.0E+10	1E-30	1.0E+10	0.1	1E-30	6.96052592623237E-12	0.328007056724594	2.00698280738185E-12	1.23736104516737E-10	1.0E+10	8.21434198583557E-11	4.37027646443391E-12	1.15040556655373	1.0E+10	1E-30	1.0E-10	1.0E+10	1E-30	1.0E-10	1.0E+10	1E-30	1.0E-10	1.0E+10	1E-30	1.0E-10	1.0E+10	1E-30	1.0E-10	1.0E+10	1E-30	1.0E-10	1.0E+10	1E-30	1.0E-10	1.0E+10	1E-30	1.0E-10	1.0E+10	1E-30	1.0E-10	1.0E+10	1E-30	1.0E-10	1.0E+10	1E-30	1.0E-10	1.0E+10	1E-30	1.0E-10
109	0.0000000000068	1.0E+10	1.0E+10	1E-30	0.000000000193	1.0E+10	1E-30	1.0E+10	0.1	1E-30	6.96052592623237E-12	0.328007056724594	2.00698280738185E-12	1.23736104516737E-10	1.0E+10	8.21434198583557E-11	4.37027646443391E-12	1.15040556655373	1.0E+10	1E-30	1.0E-10	1.0E+10	1E-30	1.0E-10	1.0E+10	1E-30	1.0E-10	1.0E+10	1E-30	1.0E-10	1.0E+10	1E-30	1.0E-10	1.0E+10	1E-30	1.0E-10	1.0E+10	1E-30	1.0E-10	1.0E+10	1E-30	1.0E-10	1.0E+10	1E-30	1.0E-10	1.0E+10	1E-30	1.0E-10	1.0E+10	1E-30	1.0E-10	1.0E+10	1E-30	1.0E-10
110	0.0000000000068	1.0E+10	1.0E+10	1E-30	0.000000000193	1.0E+10	1E-30	1.0E+10	0.1	1E-30	6.96052592623237E-12	0.328007056724594	2.00698280738185E-12	1.23736104516737E-10	1.0E+10	8.21434198583557E-11	4.37027646443391E-12	1.15040556655373	1.0E+10	1E-30	1.0E-10	1.0E+10	1E-30	1.0E-10	1.0E+10	1E-30	1.0E-10	1.0E+10	1E-30	1.0E-10	1.0E+10	1E-30	1.0E-10	1.0E+10	1E-30	1.0E-10	1.0E+10	1E-30	1.0E-10	1.0E+10	1E-30	1.0E-10	1.0E+10	1E-30	1.0E-10	1.0E+10	1E-30	1.0E-10	1.0E+10	1E-30	1.0E-10	1.0E+10	1E-30	1.0E-10
111	0.0000000000068	1.0E+10	1.0E+10	1E-30	0.000000000193	1.0E+10	1E-30	1.0E+10	0.1	1E-30	6.96052592623237E-12	0.328007056724594	2.00698280738185E-12	1.23736104516737E-10	1.0E+10	8.21434198583557E-11	4.37027646443391E-12	1.15040556655373	1.0E+10	1E-30	1.0E-10	1.0E+10	1E-30	1.0E-10	1.0E+10	1E-30	1.0E-10	1.0E+10	1E-30	1.0E-10	1.0E+10	1E-30	1.0E-10	1.0E+10	1E-30	1.0E-10	1.0E+10	1E-30	1.0E-10	1.0E+10	1E-30	1.0E-10	1.0E+10	1E-30	1.0E-10	1.0E+10	1E-30	1.0E-10	1.0E+10	1E-30	1.0E-10	1.0E+10	1E-30	1.0E-10
112	0.000000000007	1.0E+10	1.0E+10	1E-30	0.000000000193	1.0E+10	1E-30	1.0E+10	0.1	1E-30	1.04295863150559E-11	0.681522644345096	2.16423770560515E-12	1.14745359890149E-10	1.0E+10	3.95775961857611E-11	8.75504980062475E-12	6.582549455632	1.0E+10	1E-30	1.0E-10	1.0E+10	1E-30	1.0E-10	1.0E+10	1E-30	1.0E-10	1.0E+10	1E-30	1.0E-10	1.0E+10	1E-30	1.0E-10	1.0E+10	1E-30	1.0E-10	1.0E+10	1E-30	1.0E-10	1.0E+10	1E-30	1.0E-10	1.0E+10	1E-30	1.0E-10	1.0E+10	1E-30	1.0E-10	1.0E+10	1E-30	1.0E-10	1.0E+10	1E-30	1.0E-10
113	0.000000000007	1.0E+10	1.0E+10	1E-30	0.000000000193	1.0E+10	1E-30	1.0E+10	0.1	1E-30	1.04295863150559E-11	0.681522644345096	2.16423770560515E-12	1.14745359890149E-10	1.0E+10	3.95775961857611E-11	8.75504980062475E-12	6.582549455632	1.0E+10	1E-30	1.0E-10	1.0E+10	1E-30	1.0E-10	1.0E+10	1E-30	1.0E-10	1.0E+10	1E-30	1.0E-10	1.0E+10	1E-30	1.0E-10	1.0E+10	1E-30	1.0E-10	1.0E+10	1E-30	1.0E-10	1.0E+10	1E-30	1.0E-10	1.0E+10	1E-30	1.0E-10	1.0E+10	1E-30	1.0E-10	1.0E+10	1E-30	1.0E-10	1.0E+10	1E-30	1.0E-10
114	0.000000000007	1.0E+10	1.0E+10	1E-30	0.000000000193	1.0E+10	1E-30	1.0E+10	0.1	1E-30	1.04295863150559E-11	0.681522644345096	2.16423770560515E-12	1.14745359890149E-10	1.0E+10	3.95775961857611E-11	8.75504980062475E-12	6.582549455632	1.0E+10	1E-30	1.0E-10	1.0E+10	1E-30	1.0E-10	1.0E+10	1E-30	1.0E-10	1.0E+10	1E-30	1.0E-10	1.0E+10	1E-30	1.0E-10	1.0E+10	1E-30	1.0E-10	1.0E+10	1E-30	1.0E-10	1.0E+10	1E-30	1.0E-10	1.0E+10	1E-30	1.0E-10	1.0E+10	1E-30	1.0E-10	1.0E+10	1E-30	1.0E-10	1.0E+10	1E-30	1.0E-10
115	0.000000000007	1.0E+10	1.0E+10	1E-30	0.000000000193	1.0E+10	1E-30	1.0E+10	0.1	1E-30	1.04295863150559E-11	0.681522644345096	2.16423770560515E-12	1.14745359890149E-10	1.0E+10	3.95775961857611E-11	8.75504980062475E-12	6.582549455632	1.0E+10	1E-30	1.0E-10	1.0E+10	1E-30	1.0E-10	1.0E+10	1E-30	1.0E-10	1.0E+10	1E-30	1.0E-10	1.0E+10	1E-30	1.0E-10	1.0E+10	1E-30	1.0E-10	1.0E+10	1E-30	1.0E-10	1.0E+10	1E-30	1.0E-10	1.0E+10	1E-30	1.0E-10	1.0E+10	1E-30	1.0E-10	1.0E+10	1E-30	1.0E-10	1.0E+10	1E-30	1.0E-10
116	0.0000000000075	1.0E+10	1.0E+10	1E-30	0.000000000053	1.0E+10	1E-30	1.0E+10	0.09	1E-30	3.32858095638267E-12	2.78854546118685E-02	1E-30	1.57430316759809E-11	1.24634645499403	1.07470014050191E-12	2.31074906439963E-10	1.0E+10	2.12169679970196E-11	1.69199225151074E-11	18.5273189928859	1.0E+10	1E-30	1.0E-10	1.0E+10	1E-30	1.0E-10	1.0E+10	1E-30	1.0E-10	1.0E+10	1E-30	1.0E-10	1.0E+10	1E-30	1.0E-10	1.0E+10	1E-30	1.0E-10	1.0E+10	1E-30	1.0E-10	1.0E+10	1E-30	1.0E-10	1.0E+10	1E-30	1.0E-10	1.0E+10	1E-30	1.0E-10	1.0E+10	1E-30	1.0E-10
117	0.0000000000075	1.0E+10	1.0E+10	1E-30	0.000000000053	1.0E+10	1E-30	1.0E+10	0.09	1E-30	3.32858095638267E-12	2.78854546118685E-02	1E-30	1.57430316759809E-11	1.24634645499403	1.07470014050191E-12	2.31074906439963E-10	1.0E+10	2.12169679970196E-11	1.69199225151074E-11	18.5273189928859	1.0E+10	1E-30	1.0E-10	1.0E+10	1E-30	1.0E-10	1.0E+10	1E-30	1.0E-10	1.0E+10	1E-30	1.0E-10	1.0E+10	1E-30	1.0E-10	1.0E+10	1E-30	1.0E-10	1.0E+10	1E-30	1.0E-10	1.0E+10	1E-30	1.0E-10	1.0E+10	1E-30	1.0E-10	1.0E+10	1E-30	1.0E-10	1.0E+10	1E-30	1.0E-10
118	0.0000000000075	1.0E+10	1.0E+10	1E-30	0.000000000053	1.0E+10	1E-30	1.0E+10	0.09	1E-30	3.32858095638267E-12	2.78854546118685E-02	1E-30	1.57430316759809E-11	1.24634645499403	1.07470014050191E-12	2.31074906439963E-10	1.0E+10	2.12169679970196E-11	1.69199225151074E-11	18.5273189928859	1.0E+10	1E-30	1.0E-10	1.0E+10	1E-30	1.0E-10	1.0E+10	1E-30	1.0E-10	1.0E+10	1E-30	1.0E-10	1.0E+10	1E-30	1.0E-10	1.0E+10	1E-30	1.0E-10	1.0E+10	1E-30	1.0E-10	1.0E+10	1E-30	1.0E-10	1.0E+10	1E-30	1.0E-10	1.0E+10	1E-30	1.0E-10	1.0E+10	1E-30	1.0E-10
119	0.0000000000075	1.0E+10	1.0E+10	1E-30	0.000000000053	1.0E+10	1E-30	1.0E+10	0.09	1E-30	3.32858095638267E-12	2.78854546118685E-02	1E-30	1.57430316759809E-11	1.24634645499403	1.07470014050191E-12	2.31074906439963E-10	1.0E+10	2.12169679970196E-11	1.69199225151074E-11	18.5273189928859	1.0E+10	1E-30	1.0E-10	1.0E+10	1E-30	1.0E-10	1.0E+10	1E-30	1.0E-10	1.0E+10	1E-30	1.0E-10	1.0E+10	1E-30	1.0E-10	1.0E+10	1E-30	1.0E-10	1.0E+10	1E-30	1.0E-10	1.0E+10	1E-30	1.0E-10	1.0E+10	1E-30	1.0E-10	1.0E+10	1E-30	1.0E-10	1.0E+10	1E-30	1.0E-10
120	0.000000000008	1.0E+10	1.0E+10	1E-30	0.000000000164	1.0E+10	1E-30	1.0E+10	0.095	1E-30	9.8181718042664E-12	0.641569685368888	1.87148813445426E-12	1.32694527870951E-10	1.0E+10	2.34949918931886E-11	1.80428847869745E-11	18.59498894155	1.0E+10	1E-30	1.0E-10	1.0E+10	1E-30	1.0E-10	1.0E+10	1E-30	1.0E-10	1.0E+10	1E-30	1.0E-10	1.0E+10	1E-30	1.0E-10	1.0E+10	1E-30	1.0E-10	1.0E+10	1E-30	1.0E-10	1.0E+10	1E-30	1.0E-10	1.0E+10	1E-30	1.0E-10	1.0E+10	1E-30	1.0E-10	1.0E+10	1E-30	1.0E-10	1.0E+10	1E-30	1.0E-10
121	0.000000000008	1.0E+10	1.0E+10	1E-30	0.000000000164	1.0E+10	1E-30	1.0E+10	0.095	1E-30	9.8181718042664E-12	0.641569685368888	1.87148813445426E-12	1.32694527870951E-10	1.0E+10	2.34949918931886E-11	1.80428847869745E-11	18.59498894155	1.0E+10	1E-30	1.0E-10	1.0E+10	1E-30	1.0E-10	1.0E+10	1E-30	1.0E-10	1.0E+10	1E-30	1.0E-10	1.0E+10	1E-30	1.0E-10	1.0E+10	1E-30	1.0E-10	1.0E+10	1E-30	1.0E-10	1.0E+10	1E-30	1.0E-10	1.0E+10	1E-30	1.0E-10	1.0E+10	1E-30	1.0E-10	1.0E+10	1E-30	1.0E-10	1.0E+10	1E-30	1.0E-10
122	0.000000000008	1.0E+10	1.0E+10	1E-30	0.000000000164	1.0E+10	1E-30	1.0E+10	0.095	1E-30	9.8181718042664E-12	0.641569685368888	1.87148813445426E-12	1.32694527870951E-10	1.0E+10	2.34949918931886E-11	1.80428847869745E-11	18.59498894155	1.0E+10	1E-30	1.0E-10	1.0E+10	1E-30	1.0E-10	1.0E+10	1E-30	1.0E-10	1.0E+10	1E-30	1.0E-10	1.0E+10	1E-30	1.0E-10	1.0E+10	1E-30	1.0E-10	1.0E+10	1E-30	1.0E-10	1.0E+10	1E-30	1.0E-10	1.0E+10	1E-30	1.0E-10	1.0E+10	1E-30	1.0E-10	1.0E+10	1E-30	1.0E-10	1.0E+10	1E-30	1.0E-10
123	0.000000000008	1.0E+10	1.0E+10	1E-30	0.000000000164	1.0E+10	1E-30	1.0E+10	0.095	1E-30	9.8181718042664E-12	0.641569685368888	1.87148813445426E-12	1.32694527870951E-10	1.0E+10	2.34949918931886E-11	1.80428847869745E-11	18.59498894155	1.0E+10	1E-30	1.0E-10	1.0E+10	1E-30	1.0E-10	1.0E+10	1E-30	1.0E-10	1.0E+10	1E-30	1.0E-10	1.0E+10	1E-30	1.0E-10	1.0E+10	1E-30	1.0E-10	1.0E+10	1E-30	1.0E-10	1.0E+10	1E-30	1.0E-10	1.0E+10	1E-30	1.0E-10	1.0E+10	1E-30	1.0E-10	1.0E+10	1E-30	1.0E-10	1.0E+10	1E-30	1.0E-10
124	0.0000000000082	1.0E+10	1.0E+10	1E-30	0.00000000007	1.0E+10	1E-30	1.0E+10	0.09	1E-30	8.00731490313614E-12	0.167704811164484	9.77352562282512E-13	2.15977127805241E-10	1.0E+10	2.65012962315341E-11	1.59136477835738E-11	17.4675157842923	1.0E+10	1E-30	1.0E-10	1.0E+10	1E-30	1.0E-10	1.0E+10	1E-30	1.0E-10	1.0E+10	1E-30	1.0E-10	1.0E+10	1E-30	1.0E-10	1.0E+10	1E-30	1.0E-10	1.0E+10	1E-30	1.0E-10	1.0E+10	1E-30	1.0E-10	1.0E+10	1E-30	1.0E-10	1.0E+10	1E-30	1.0E-10	1.0E+10	1E-30	1.0E-10	1.0E+10	1E-30	1.0E-10
125	0.0000000000082	1.0E+10	1.0E+10	1E-30	0.00000000007	1.0E+10	1E-30	1.0E+10	0.09	1E-30	8.00731490313614E-12	0.167704811164484	9.77352562282512E-13	2.15977127805241E-10	1.0E+10	2.65012962315341E-11	1.59136477835738E-11	17.4675157842923	1.0E+10	1E-30	1.0E-10	1.0E+10	1E-30	1.0E-10	1.0E+10	1E-30	1.0E-10	1.0E+10	1E-30	1.0E-10	1.0E+10	1E-30	1.0E-10	1.0E+10	1E-30	1.0E-10	1.0E+10	1E-30	1.0E-10	1.0E+10	1E-30	1.0E-10	1.0E+10	1E-30	1.0E-10	1.0E+10	1E-30	1.0E-10	1.0E+10	1E-30	1.0E-10	1.0E+10	1E-30	1.0E-10
126	0.0000000000082	1.0E+10	1.0E+10	1E-30	0.00000000007	1.0E+10	1E-30	1.0E+10	0.09	1E-30	8.00731490313614E-12	0.167704811164484	9.77352562282512E-13	2.15977127805241E-10	1.0E+10	2.65012962315341E-11	1.59136477835738E-11	17.4675157842923	1.0E+10	1E-30	1.0E-10	1.0E+10	1E-30	1.0E-10	1.0E+10	1E-30	1.0E-10	1.0E+10	1E-30	1.0E-10	1.0E+10	1E-30	1.0E-10	1.0E+10	1E-30	1.0E-10	1.0E+10	1E-30	1.0E-10	1.0E+10	1E-30	1.0E-10	1.0E+10	1E-30	1.0E-10	1.0E+10	1E-30	1.0E-10	1.0E+10	1E-30	1.0E-10	1.0E+10	1E-30	1.0E-10
127	0.0000000000082	1.0E+10	1.0E+10	1E-30	0.00000000007	1.0E+10	1E-30	1.0E+10	0.09	1E-30	8.00731490313614E-12	0.167704811164484	9.77352562282512E-13	2.15977127805241E-10	1.0E+10	2.65012962315341E-11	1.59136477835738E-11	17.4675157842923	1.0E+10	1E-30	1.0E-10	1.0E+10	1E-30	1.0E-10	1.0E+10	1E-30	1.0E-10	1.0E+10	1E-30	1.0E-10	1.0E+10	1E-30	1.0E-10	1.0E+10	1E-30	1.0E-10	1.0E+10	1E-30	1.0E-10	1.0E+10	1E-30	1.0E-10	1.0E+10	1E-30	1.0E-10	1.0E+10	1E-30	1.0E-10	1.0E+10	1E-30	1.0E-10	1.0E+10	1E-30	1.0E-10
128	0.000000000009	1.0E+10	1.0E+10	1E-30	0.000000000172	1.0E+10	1E-30	1.0E+10	0.09	1E-30	1.84919902116639E-11	2.51741969263277	0.0000000000027	0.000000000103	1.0E+10	2.48409520623902E-11	1.81279836059711E-11	19.8058767077348	1.0E+10	1E-30	1.0E-10	1.0E+10	1E-30	1.0E-10	1.0E+10	1E-30	1.0E-10	1.0E+10	1E-30	1.0E-10	1.0E+10	1E-30	1.0E-10	1.0E+10	1E-30	1.0E-10	1.0E+10	1E-30	1.0E-10	1.0E+10	1E-30	1.0E-10	1.0E+10	1E-30	1.0E-10	1.0E+10	1E-30	1.0E-10	1.0E+10	1E-30	1.0E-10	1.0E+10	1E-30	1.0E-10
129	0.000000000009	1.0E+10	1.0E+10	1E-30	0.000000000172	1.0E+10	1E-30	1.0E+10	0.09	1E-30	1.84919902116639E-11	2.51741969263277	0.0000000000027	0.000000000103	1.0E+10	2.48409520623902E-11	1.81279836059711E-11	19.8058767077348	1.0E+10	1E-30	1.0E-10	1.0E+10	1E-30	1.0E-10	1.0E+10	1E-30	1.0E-10	1.0E+10	1E-30	1.0E-10	1.0E+10	1E-30	1.0E-10	1.0E+10	1E-30	1.0E-10	1.0E+10	1E-30	1.0E-10	1.0E+10	1E-30	1.0E-10	1.0E+10	1E-30	1.0E-10	1.0E+10	1E-30	1.0E-10	1.0E+10	1E-30	1.0E-10	1.0E+10	1E-30	1.0E-10
130	0.000000000009	1.0E+10	1.0E+10	1E-30	0.000000000172	1.0E+10	1E-30	1.0E+10	0.09	1E-30	1.84919902116639E-11	2.51741969263277	0.0000000000027	0.000000000103	1.0E+10	2.48409520623902E-11	1.81279836059711E-11	19.8058767077348	1.0E+10	1E-30	1.0E-10	1.0E+10	1E-30	1.0E-10	1.0E+10	1E-30	1.0E-10	1.0E+10	1E-30	1.0E-10	1.0E+10	1E-30	1.0E-10	1.0E+10	1E-30	1.0E-10	1.0E+10	1E-30	1.0E-10	1.0E+10	1E-30	1.0E-10	1.0E+10	1E-30	1.0E-10	1.0E+10	1E-30	1.0E-10	1.0E+10	1E-30	1.0E-10	1.0E+10	1E-30	1.0E-10
131	0.000000000009	1.0E+10	1.0E+10	1E-30	0.000000000172	1.0E+10	1E-30	1.0E+10	0.09	1E-30	1.84919902116639E-11	2.51741969263277	0.0000000000027	0.000000000103	1.0E+10	2.48409520623902E-11	1.81279836059711E-11	19.8058767077348	1.0E+10	1E-30	1.0E-10	1.0E+10	1E-30	1.0E-10	1.0E+10	1E-30	1.0E-10	1.0E+10	1E-30	1.0E-10	1.0E+10	1E-30	1.0E-10	1.0E+10	1E-30	1.0E-10	1.0E+10	1E-30	1.0E-10	1.0E+10	1E-30	1.0E-10	1.0E+10	1E-30	1.0E-10	1.0E+10	1E-30	1.0E-10	1.0E+10	1E-30	1.0E-10	1.0E+10	1E-30	1.0E-10
132	0.0000000000091	1.0E+10	1.0E+10	1E-30	0.000000000165	1.0E+10	1E-30	1.0E+10	0.08	1E-30	7.01679674354473E-12	0.146959447341686	2.13748905105911E-12	1.16181289581084E-10	1.0E+10	1.15181522763447E-10	2.71501622045796E-12	1.34229566769211	3.86377891202131E-11	1.22016916629828E-11	11.2998541673584	1.0E+10	1E-30	1.0E-10	1.0E+10	1E-30	1.0E-10	1.0E+10	1E-30	1.0E-10	1.0E+10	1E-30	1.0E-10	1.0E+10	1E-30	1.0E-10	1.0E+10	1E-30	1.0E-10	1.0E+10	1E-30	1.0E-10	1.0E+10	1E-30	1.0E-10	1.0E+10	1E-30	1.0E-10	1.0E+10	1E-30	1.0E-10	1.0E+10	1E-30	1.0E-10
133	0.0000000000091	1.0E+10	1.0E+10	1E-30	0.000000000165	1.0E+10	1E-30	1.0E+10	0.08	1E-30	7.01679674354473E-12	0.146959447341686	2.13748905105911E-12	1.16181289581084E-10	1.0E+10	1.15181522763447E-10	2.71501622045796E-12	1.34229566769211	3.86377891202131E-11	1.22016916629828E-11	11.2998541673584	1.0E+10	1E-30	1.0E-10	1.0E+10	1E-30	1.0E-10	1.0E+10	1E-30	1.0E-10	1.0E+10	1E-30	1.0E-10	1.0E+10	1E-30	1.0E-10	1.0E+10	1E-30	1.0E-10	1.0E+10	1E-30	1.0E-10	1.0E+10	1E-30	1.0E-10	1.0E+10	1E-30	1.0E-10	1.0E+10	1E-30	1.0E-10	1.0E+10	1E-30	1.0E-10
134	0.0000000000091	1.0E+10	1.0E+10	1E-30	0.000000000165	1.0E+10	1E-30	1.0E+10	0.08	1E-30	7.01679674354473E-12	0.146959447341686	2.13748905105911E-12	1.16181289581084E-10	1.0E+10	1.15181522763447E-10	2.71501622045796E-12	1.34229566769211	3.86377891202131E-11	1.22016916629828E-11	11.2998541673584	1.0E+10	1E-30	1.0E-10	1.0E+10	1E-30	1.0E-10	1.0E+10	1E-30	1.0E-10	1.0E+10	1E-30	1.0E-10	1.0E+10	1E-30	1.0E-10	1.0E+10	1E-30	1.0E-10	1.0E+10	1E-30	1.0E-10	1.0E+10	1E-30	1.0E-10	1.0E+10	1E-30	1.0E-10	1.0E+10	1E-30	1.0E-10	1.0E+10	1E-30	1.0E-10
135	0.0000000000091	1.0E+10	1.0E+10	1E-30	0.000000000165	1.0E+10	1E-30	1.0E+10	0.08	1E-30	7.01679674354473E-12	0.146959447341686	2.13748905105911E-12	1.16181289581084E-10	1.0E+10	1.15181522763447E-10	2.71501622045796E-12	1.34229566769211	3.86377891202131E-11	1.22016916629828E-11	11.2998541673584	1.0E+10	1E-30	1.0E-10	1.0E+10	1E-30	1.0E-10	1.0E+10	1E-30	1.0E-10	1.0E+10	1E-30	1.0E-10	1.0E+10	1E-30	1.0E-10	1.0E+10	1E-30	1.0E-10	1.0E+10	1E-30	1.0E-10	1.0E+10	1E-30	1.0E-10	1.0E+10	1E-30	1.0E-10	1.0E+10	1E-30	1.0E-10	1.0E+10	1E-30	1.0E-10
136	0.00000000001	1.0E+10	1.0E+10	1E-30	1.62720634300187E-10	1.0E+10	1E-30	1.0E+10	0.08	1E-30	6.07971085077807E-12	0.106752677487406	4.67176161685501E-11	1.23234259654606E-11	14.0446818971711	4.08026642660166E-11	8.14612991913823E-12	2.09616471173671	1.88959036883916E-12	1.31423317197608E-10	100000	1.0E+10	1E-30	1.0E-10	1.0E+10	1E-30	1.0E-10	1.0E+10	1E-30	1.0E-10	1.0E+10	1E-30	1.0E-10	1.0E+10	1E-30	1.0E-10	1.0E+10	1E-30	1.0E-10	1.0E+10	1E-30	1.0E-10	1.0E+10	1E-30	1.0E-10	1.0E+10	1E-30	1.0E-10	1.0E+10	1E-30	1.0E-10	1.0E+10	1E-30	1.0E-10
137	0.00000000001	1.0E+10	1.0E+10	1E-30	1.62720634300187E-10	1.0E+10	1E-30	1.0E+10	0.08	1E-30	6.07971085077807E-12	0.106752677487406	4.67176161685501E-11	1.23234259654606E-11	14.0446818971711	4.08026642660166E-11	8.14612991913823E-12	2.09616471173671	1.88959036883916E-12	1.31423317197608E-10	100000	1.0E+10	1E-30	1.0E-10	1.0E+10	1E-30	1.0E-10	1.0E+10	1E-30	1.0E-10	1.0E+10	1E-30	1.0E-10	1.0E+10	1E-30	1.0E-10	1.0E+10	1E-30	1.0E-10	1.0E+10	1E-30	1.0E-10	1.0E+10	1E-30	1.0E-10	1.0E+10	1E-30	1.0E-10	1.0E+10	1E-30	1.0E-10	1.0E+10	1E-30	1.0E-10
138	0.00000000001	1.0E+10	1.0E+10	1E-30	1.62720634300187E-10	1.0E+10	1E-30	1.0E+10	0.08	1E-30	6.07971085077807E-12	0.106752677487406	4.67176161685501E-11	1.23234259654606E-11	14.0446818971711	4.08026642660166E-11	8.14612991913823E-12	2.09616471173671	1.88959036883916E-12	1.31423317197608E-10	100000	1.0E+10	1E-30	1.0E-10	1.0E+10	1E-30	1.0E-10	1.0E+10	1E-30	1.0E-10	1.0E+10	1E-30	1.0E-10	1.0E+10	1E-30	1.0E-10	1.0E+10	1E-30	1.0E-10	1.0E+10	1E-30	1.0E-10	1.0E+10	1E-30	1.0E-10	1.0E+10	1E-30	1.0E-10	1.0E+10	1E-30	1.0E-10	1.0E+10	1E-30	1.0E-10
139	0.000000000012	1.0E+10	1.0E+10	1E-30	0.000000000097	1.0E+10	1E-30	1.0E+10	0.08	1E-30	5.86482836800975E-12	7.36996068620179E-02	1.3352777177067E-12	1.70518949033417E-10	1.0E+10	2.3381973538232E-11	1.35242449469826E-11	7.90855755244903	6.02633654174951E-11	1.16757390825256E-11	11.6790557789148	1.0E+10	1E-30	1.0E-10	1.0E+10	1E-30	1.0E-10	1.0E+10	1E-30	1.0E-10	1.0E+10	1E-30	1.0E-10	1.0E+10	1E-30	1.0E-10	1.0E+10	1E-30	1.0E-10	1.0E+10	1E-30	1.0E-10	1.0E+10	1E-30	1.0E-10	1.0E+10	1E-30	1.0E-10	1.0E+10	1E-30	1.0E-10	1.0E+10	1E-30	1.0E-10
140	0.000000000012	1.0E+10	1.0E+10	1E-30	0.000000000097	1.0E+10	1E-30	1.0E+10	0.08	1E-30	5.86482836800975E-12	7.36996068620179E-02	1.3352777177067E-12	1.70518949033417E-10	1.0E+10	2.3381973538232E-11	1.35242449469826E-11	7.90855755244903	6.02633654174951E-11	1.16757390825256E-11	11.6790557789148	1.0E+10	1E-30	1.0E-10	1.0E+10	1E-30	1.0E-10	1.0E+10	1E-30	1.0E-10	1.0E+10	1E-30	1.0E-10	1.0E+10	1E-30	1.0E-10	1.0E+10	1E-30	1.0E-10	1.0E+10	1E-30	1.0E-10	1.0E+10	1E-30	1.0E-10	1.0E+10	1E-30	1.0E-10	1.0E+10	1E-30	1.0E-10	1.0E+10	1E-30	1.0E-10
141	0.000000000012	1.0E+10	1.0E+10	1E-30	0.000000000097	1.0E+10	1E-30	1.0E+10	0.08	1E-30	5.86482836800975E-12	7.36996068620179E-02	1.3352777177067E-12	1.70518949033417E-10	1.0E+10	2.3381973538232E-11	1.35242449469826E-11	7.90855755244903	6.02633654174951E-11	1.16757390825256E-11	11.6790557789148	1.0E+10	1E-30	1.0E-10	1.0E+10	1E-30	1.0E-10	1.0E+10	1E-30	1.0E-10	1.0E+10	1E-30	1.0E-10	1.0E+10	1E-30	1.0E-10	1.0E+10	1E-30	1.0E-10	1.0E+10	1E-30	1.0E-10	1.0E+10	1E-30	1.0E-10	1.0E+10	1E-30	1.0E-10	1.0E+10	1E-30	1.0E-10	1.0E+10	1E-30	1.0E-10
142	0.000000000015	1.0E+10	1.0E+10	1E-30	3.36155468331884E-11	1.0E+10	1E-30	1.0E+10	7.92446596230557E-02	1E-30	3.95189116596394E-12	8.89728934652022E-02	7.21673575826611E-11	1.17087633983397E-11	10.8334733545031	7.70652868646795E-12	4.35920437313121E-11	55.0773638099721	6.97764049593724E-13	2.1445269171577E-10	100000	1.0E+10	1E-30	1.0E-10	1.0E+10	1E-30	1.0E-10	1.0E+10	1E-30	1.0E-10	1.0E+10	1E-30	1.0E-10	1.0E+10	1E-30	1.0E-10	1.0E+10	1E-30	1.0E-10	1.0E+10	1E-30	1.0E-10	1.0E+10	1E-30	1.0E-10	1.0E+10	1E-30	1.0E-10	1.0E+10	1E-30	1.0E-10	1.0E+10	1E-30	1.0E-10
143	0.000000000015	1.0E+10	1.0E+10	1E-30	3.36155468331884E-11	1.0E+10	1E-30	1.0E+10	7.92446596230557E-02	1E-30	3.95189116596394E-12	8.89728934652022E-02	7.21673575826611E-11	1.17087633983397E-11	10.8334733545031	7.70652868646795E-12	4.35920437313121E-11	55.0773638099721	6.97764049593724E-13	2.1445269171577E-10	100000	1.0E+10	1E-30	1.0E-10	1.0E+10	1E-30	1.0E-10	1.0E+10	1E-30	1.0E-10	1.0E+10	1E-30	1.0E-10	1.0E+10	1E-30	1.0E-10	1.0E+10	1E-30	1.0E-10	1.0E+10	1E-30	1.0E-10	1.0E+10	1E-30	1.0E-10	1.0E+10	1E-30	1.0E-10	1.0E+10	1E-30	1.0E-10	1.0E+10	1E-30	1.0E-10
144	0.000000000015	1.0E+10	1.0E+10	1E-30	3.36155468331884E-11	1.0E+10	1E-30	1.0E+10	7.92446596230557E-02	1E-30	3.95189116596394E-12	8.89728934652022E-02	7.21673575826611E-11	1.17087633983397E-11	10.8334733545031	7.70652868646795E-12	4.35920437313121E-11	55.0773638099721	6.97764049593724E-13	2.1445269171577E-10	100000	1.0E+10	1E-30	1.0E-10	1.0E+10	1E-30	1.0E-10	1.0E+10	1E-30	1.0E-10	1.0E+10	1E-30	1.0E-10	1.0E+10	1E-30	1.0E-10	1.0E+10	1E-30	1.0E-10	1.0E+10	1E-30	1.0E-10	1.0E+10	1E-30	1.0E-10	1.0E+10	1E-30	1.0E-10	1.0E+10	1E-30	1.0E-10	1.0E+10	1E-30	1.0E-10
145	0.000000000018	1.0E+10	1.0E+10	1E-30	0.00000000001	1.0E+10	1E-30	1.0E+10	0.08	1E-30	3.12193874866683E-12	3.92314393510761E-02	9.43588143303006E-13	1.98849278566689E-10	1.0E+10	6.96168807329539E-12	3.00704780669859E-11	22.329880872124	1.16873548283152E-11	3.80215774115189E-11	42.0995797370482	8.73249476842461E-11	1.20811915188903E-11	10.6271389329346	1.0E+10	1E-30	1.0E-10	1.0E+10	1E-30	1.0E-10	1.0E+10	1E-30	1.0E-10	1.0E+10	1E-30	1.0E-10	1.0E+10	1E-30	1.0E-10	1.0E+10	1E-30	1.0E-10	1.0E+10	1E-30	1.0E-10	1.0E+10	1E-30	1.0E-10	1.0E+10	1E-30	1.0E-10	1.0E+10	1E-30	1.0E-10
146	0.000000000018	1.0E+10	1.0E+10	1E-30	0.00000000001	1.0E+10	1E-30	1.0E+10	0.08	1E-30	3.12193874866683E-12	3.92314393510761E-02	9.43588143303006E-13	1.98849278566689E-10	1.0E+10	6.96168807329539E-12	3.00704780669859E-11	22.329880872124	1.16873548283152E-11	3.80215774115189E-11	42.0995797370482	8.73249476842461E-11	1.20811915188903E-11	10.6271389329346	1.0E+10	1E-30	1.0E-10	1.0E+10	1E-30	1.0E-10	1.0E+10	1E-30	1.0E-10	1.0E+10	1E-30	1.0E-10	1.0E+10	1E-30	1.0E-10	1.0E+10	1E-30	1.0E-10	1.0E+10	1E-30	1.0E-10	1.0E+10	1E-30	1.0E-10	1.0E+10	1E-30	1.0E-10	1.0E+10	1E-30	1.0E-10
147	0.000000000018	1.0E+10	1.0E+10	1E-30	0.00000000001	1.0E+10	1E-30	1.0E+10	0.08	1E-30	3.12193874866683E-12	3.92314393510761E-02	9.43588143303006E-13	1.98849278566689E-10	1.0E+10	6.96168807329539E-12	3.00704780669859E-11	22.329880872124	1.16873548283152E-11	3.80215774115189E-11	42.0995797370482	8.73249476842461E-11	1.20811915188903E-11	10.6271389329346	1.0E+10	1E-30	1.0E-10	1.0E+10	1E-30	1.0E-10	1.0E+10	1E-30	1.0E-10	1.0E+10	1E-30	1.0E-10	1.0E+10	1E-30	1.0E-10	1.0E+10	1E-30	1.0E-10	1.0E+10	1E-30	1.0E-10	1.0E+10	1E-30	1.0E-10	1.0E+10	1E-30	1.0E-10	1.0E+10	1E-30	1.0E-10
END DSCRDATA
