BEGIN DSCRDATA
% INDEX	K01	L01	M01	K02	L02	M02	K03	L03	M03	K04	L04	M04	K05	L05	M05	K06	L06	M06	K07	L07	M07	K08	L08	M08	K09	L09	M09	K10	L10	M10	K11	L11	M11	K12	L12	M12	K13	L13	M13	K14	L14	M14	K15	L15	M15	K16	L16	M16	K17	L17	M17	K18	L18	M18
0	0.000000000001	1.0E+10	1.0E+10	1E-30	0.000000000379	1.0E+10	1E-30	1.0E+10	0.28	1E-30	2.13752589279966E-12	0.532742027573072	4.62388723814865E-10	7.16096570200747E-13	1.0E+10	1.0E+10	1E-30	1.0E-10	1.0E+10	1E-30	1.0E-10	1.0E+10	1E-30	1.0E-10	1.0E+10	1E-30	1.0E-10	1.0E+10	1E-30	1.0E-10	1.0E+10	1E-30	1.0E-10	1.0E+10	1E-30	1.0E-10	1.0E+10	1E-30	1.0E-10	1.0E+10	1E-30	1.0E-10	1.0E+10	1E-30	1.0E-10	1.0E+10	1E-30	1.0E-10	1.0E+10	1E-30	1.0E-10	1.0E+10	1E-30	1.0E-10
1	0.000000000001	1.0E+10	1.0E+10	1E-30	0.000000000379	1.0E+10	1E-30	1.0E+10	0.28	1E-30	2.13752589279966E-12	0.532742027573072	4.62388723814865E-10	7.16096570200747E-13	1.0E+10	1.0E+10	1E-30	1.0E-10	1.0E+10	1E-30	1.0E-10	1.0E+10	1E-30	1.0E-10	1.0E+10	1E-30	1.0E-10	1.0E+10	1E-30	1.0E-10	1.0E+10	1E-30	1.0E-10	1.0E+10	1E-30	1.0E-10	1.0E+10	1E-30	1.0E-10	1.0E+10	1E-30	1.0E-10	1.0E+10	1E-30	1.0E-10	1.0E+10	1E-30	1.0E-10	1.0E+10	1E-30	1.0E-10	1.0E+10	1E-30	1.0E-10
2	0.000000000001	1.0E+10	1.0E+10	1E-30	0.00000000041	1.0E+10	1E-30	1.0E+10	0.25	1E-30	6.8283956883611E-12	0.643561131910784	8.67674729655868E-12	3.16802043702918E-11	1.0E+10	1.08428746068635E-10	2.62191207622324E-12	1.63092198397022	1.0E+10	1E-30	1.0E-10	1.0E+10	1E-30	1.0E-10	1.0E+10	1E-30	1.0E-10	1.0E+10	1E-30	1.0E-10	1.0E+10	1E-30	1.0E-10	1.0E+10	1E-30	1.0E-10	1.0E+10	1E-30	1.0E-10	1.0E+10	1E-30	1.0E-10	1.0E+10	1E-30	1.0E-10	1.0E+10	1E-30	1.0E-10	1.0E+10	1E-30	1.0E-10	1.0E+10	1E-30	1.0E-10
3	0.000000000001	1.0E+10	1.0E+10	1E-30	0.00000000041	1.0E+10	1E-30	1.0E+10	0.25	1E-30	6.8283956883611E-12	0.643561131910784	8.67674729655868E-12	3.16802043702918E-11	1.0E+10	1.08428746068635E-10	2.62191207622324E-12	1.63092198397022	1.0E+10	1E-30	1.0E-10	1.0E+10	1E-30	1.0E-10	1.0E+10	1E-30	1.0E-10	1.0E+10	1E-30	1.0E-10	1.0E+10	1E-30	1.0E-10	1.0E+10	1E-30	1.0E-10	1.0E+10	1E-30	1.0E-10	1.0E+10	1E-30	1.0E-10	1.0E+10	1E-30	1.0E-10	1.0E+10	1E-30	1.0E-10	1.0E+10	1E-30	1.0E-10	1.0E+10	1E-30	1.0E-10
4	0.0000000000011	1.0E+10	1.0E+10	1E-30	0.000000000323	1.0E+10	1E-30	1.0E+10	0.27	1E-30	2.19606304682693E-12	0.289763692458724	0.000000000014	0.000000000018	1.0E+10	1.0E+10	1E-30	1.0E-10	1.0E+10	1E-30	1.0E-10	1.0E+10	1E-30	1.0E-10	1.0E+10	1E-30	1.0E-10	1.0E+10	1E-30	1.0E-10	1.0E+10	1E-30	1.0E-10	1.0E+10	1E-30	1.0E-10	1.0E+10	1E-30	1.0E-10	1.0E+10	1E-30	1.0E-10	1.0E+10	1E-30	1.0E-10	1.0E+10	1E-30	1.0E-10	1.0E+10	1E-30	1.0E-10	1.0E+10	1E-30	1.0E-10
5	0.0000000000012	1.0E+10	1.0E+10	1E-30	0.000000000331	1.0E+10	1E-30	1.0E+10	0.26	1.35764756838762E-11	1.82916568482073E-11	1.0E+10	2.12620338233943E-09	1.57397182278641E-13	7.26394371525178E-02	1.0E+10	1E-30	1.0E-10	1.0E+10	1E-30	1.0E-10	1.0E+10	1E-30	1.0E-10	1.0E+10	1E-30	1.0E-10	1.0E+10	1E-30	1.0E-10	1.0E+10	1E-30	1.0E-10	1.0E+10	1E-30	1.0E-10	1.0E+10	1E-30	1.0E-10	1.0E+10	1E-30	1.0E-10	1.0E+10	1E-30	1.0E-10	1.0E+10	1E-30	1.0E-10	1.0E+10	1E-30	1.0E-10	1.0E+10	1E-30	1.0E-10
6	0.0000000000013	1.0E+10	1.0E+10	1E-30	0.000000000294	1.0E+10	1E-30	1.0E+10	0.26	1E-30	1.43145791502358E-12	0.188876422129963	9.43581592630066E-12	2.63184695798591E-11	1.0E+10	1.0E+10	1E-30	1.0E-10	1.0E+10	1E-30	1.0E-10	1.0E+10	1E-30	1.0E-10	1.0E+10	1E-30	1.0E-10	1.0E+10	1E-30	1.0E-10	1.0E+10	1E-30	1.0E-10	1.0E+10	1E-30	1.0E-10	1.0E+10	1E-30	1.0E-10	1.0E+10	1E-30	1.0E-10	1.0E+10	1E-30	1.0E-10	1.0E+10	1E-30	1.0E-10	1.0E+10	1E-30	1.0E-10	1.0E+10	1E-30	1.0E-10
7	0.0000000000015	1.0E+10	1.0E+10	1E-30	0.000000000287	1.0E+10	1E-30	1.0E+10	0.22	1E-30	2.30074162722979E-12	0.30357570574436	5.854848020611E-12	4.24154877365337E-11	1.0E+10	1.0E+10	1E-30	1.0E-10	1.0E+10	1E-30	1.0E-10	1.0E+10	1E-30	1.0E-10	1.0E+10	1E-30	1.0E-10	1.0E+10	1E-30	1.0E-10	1.0E+10	1E-30	1.0E-10	1.0E+10	1E-30	1.0E-10	1.0E+10	1E-30	1.0E-10	1.0E+10	1E-30	1.0E-10	1.0E+10	1E-30	1.0E-10	1.0E+10	1E-30	1.0E-10	1.0E+10	1E-30	1.0E-10	1.0E+10	1E-30	1.0E-10
8	0.0000000000015	1.0E+10	1.0E+10	1E-30	0.000000000287	1.0E+10	1E-30	1.0E+10	0.22	1E-30	2.30074162722979E-12	0.30357570574436	5.854848020611E-12	4.24154877365337E-11	1.0E+10	1.0E+10	1E-30	1.0E-10	1.0E+10	1E-30	1.0E-10	1.0E+10	1E-30	1.0E-10	1.0E+10	1E-30	1.0E-10	1.0E+10	1E-30	1.0E-10	1.0E+10	1E-30	1.0E-10	1.0E+10	1E-30	1.0E-10	1.0E+10	1E-30	1.0E-10	1.0E+10	1E-30	1.0E-10	1.0E+10	1E-30	1.0E-10	1.0E+10	1E-30	1.0E-10	1.0E+10	1E-30	1.0E-10	1.0E+10	1E-30	1.0E-10
9	0.0000000000015	1.0E+10	1.0E+10	1E-30	0.000000000263	1.0E+10	1E-30	1.0E+10	0.145	1E-30	6.3314613683254E-12	1.13377973370946	0.00000000000175	0.00000000014	1.0E+10	0.00000000008	3.80447546077851E-12	0.948200897895324	1.0E+10	1E-30	1.0E-10	1.0E+10	1E-30	1.0E-10	1.0E+10	1E-30	1.0E-10	1.0E+10	1E-30	1.0E-10	1.0E+10	1E-30	1.0E-10	1.0E+10	1E-30	1.0E-10	1.0E+10	1E-30	1.0E-10	1.0E+10	1E-30	1.0E-10	1.0E+10	1E-30	1.0E-10	1.0E+10	1E-30	1.0E-10	1.0E+10	1E-30	1.0E-10	1.0E+10	1E-30	1.0E-10
10	0.0000000000015	1.0E+10	1.0E+10	1E-30	0.000000000263	1.0E+10	1E-30	1.0E+10	0.145	1E-30	6.3314613683254E-12	1.13377973370946	0.00000000000175	0.00000000014	1.0E+10	0.00000000008	3.80447546077851E-12	0.948200897895324	1.0E+10	1E-30	1.0E-10	1.0E+10	1E-30	1.0E-10	1.0E+10	1E-30	1.0E-10	1.0E+10	1E-30	1.0E-10	1.0E+10	1E-30	1.0E-10	1.0E+10	1E-30	1.0E-10	1.0E+10	1E-30	1.0E-10	1.0E+10	1E-30	1.0E-10	1.0E+10	1E-30	1.0E-10	1.0E+10	1E-30	1.0E-10	1.0E+10	1E-30	1.0E-10	1.0E+10	1E-30	1.0E-10
11	0.0000000000016	1.0E+10	1.0E+10	1E-30	0.000000000303	1.0E+10	1E-30	1.0E+10	0.22	1E-30	2.07301546318401E-12	0.273527946296512	7.34922897033382E-12	3.37907874989251E-11	1.0E+10	1.0E+10	1E-30	1.0E-10	1.0E+10	1E-30	1.0E-10	1.0E+10	1E-30	1.0E-10	1.0E+10	1E-30	1.0E-10	1.0E+10	1E-30	1.0E-10	1.0E+10	1E-30	1.0E-10	1.0E+10	1E-30	1.0E-10	1.0E+10	1E-30	1.0E-10	1.0E+10	1E-30	1.0E-10	1.0E+10	1E-30	1.0E-10	1.0E+10	1E-30	1.0E-10	1.0E+10	1E-30	1.0E-10	1.0E+10	1E-30	1.0E-10
12	0.0000000000018	1.0E+10	1.0E+10	1E-30	0.000000000302	1.0E+10	1E-30	1.0E+10	0.2	7.41580733889107E-12	3.34874172249774E-11	1.0E+10	7.33583435781229E-10	4.77917458112971E-13	0.101697879117018	1.0E+10	1E-30	1.0E-10	1.0E+10	1E-30	1.0E-10	1.0E+10	1E-30	1.0E-10	1.0E+10	1E-30	1.0E-10	1.0E+10	1E-30	1.0E-10	1.0E+10	1E-30	1.0E-10	1.0E+10	1E-30	1.0E-10	1.0E+10	1E-30	1.0E-10	1.0E+10	1E-30	1.0E-10	1.0E+10	1E-30	1.0E-10	1.0E+10	1E-30	1.0E-10	1.0E+10	1E-30	1.0E-10	1.0E+10	1E-30	1.0E-10
13	0.000000000002	1.0E+10	1.0E+10	1E-30	0.000000000172	1.0E+10	1E-30	1.0E+10	0.19	0.0000000000017	0.00000000013	1.0E+10	6.30992561316693E-11	4.70837121055839E-12	2.29299552438155	1.0E+10	1E-30	1.0E-10	1.0E+10	1E-30	1.0E-10	1.0E+10	1E-30	1.0E-10	1.0E+10	1E-30	1.0E-10	1.0E+10	1E-30	1.0E-10	1.0E+10	1E-30	1.0E-10	1.0E+10	1E-30	1.0E-10	1.0E+10	1E-30	1.0E-10	1.0E+10	1E-30	1.0E-10	1.0E+10	1E-30	1.0E-10	1.0E+10	1E-30	1.0E-10	1.0E+10	1E-30	1.0E-10	1.0E+10	1E-30	1.0E-10
14	0.000000000002	1.0E+10	1.0E+10	1E-30	0.000000000172	1.0E+10	1E-30	1.0E+10	0.19	0.0000000000017	0.00000000013	1.0E+10	6.30992561316693E-11	4.70837121055839E-12	2.29299552438155	1.0E+10	1E-30	1.0E-10	1.0E+10	1E-30	1.0E-10	1.0E+10	1E-30	1.0E-10	1.0E+10	1E-30	1.0E-10	1.0E+10	1E-30	1.0E-10	1.0E+10	1E-30	1.0E-10	1.0E+10	1E-30	1.0E-10	1.0E+10	1E-30	1.0E-10	1.0E+10	1E-30	1.0E-10	1.0E+10	1E-30	1.0E-10	1.0E+10	1E-30	1.0E-10	1.0E+10	1E-30	1.0E-10	1.0E+10	1E-30	1.0E-10
15	0.000000000002	1.0E+10	1.0E+10	1E-30	0.000000000268	1.0E+10	1E-30	1.0E+10	0.19	1.0E+10	1E-30	1.0E-10	0.0000000000017	0.00000000017	1.0E+10	0.0000000000197	1.7182125344177E-11	15	1.0E+10	1E-30	1.0E-10	1.0E+10	1E-30	1.0E-10	1.0E+10	1E-30	1.0E-10	1.0E+10	1E-30	1.0E-10	1.0E+10	1E-30	1.0E-10	1.0E+10	1E-30	1.0E-10	1.0E+10	1E-30	1.0E-10	1.0E+10	1E-30	1.0E-10	1.0E+10	1E-30	1.0E-10	1.0E+10	1E-30	1.0E-10	1.0E+10	1E-30	1.0E-10	1.0E+10	1E-30	1.0E-10
16	0.000000000002	1.0E+10	1.0E+10	1E-30	0.000000000268	1.0E+10	1E-30	1.0E+10	0.19	1.0E+10	1E-30	1.0E-10	0.0000000000017	0.00000000017	1.0E+10	0.0000000000197	1.7182125344177E-11	15	1.0E+10	1E-30	1.0E-10	1.0E+10	1E-30	1.0E-10	1.0E+10	1E-30	1.0E-10	1.0E+10	1E-30	1.0E-10	1.0E+10	1E-30	1.0E-10	1.0E+10	1E-30	1.0E-10	1.0E+10	1E-30	1.0E-10	1.0E+10	1E-30	1.0E-10	1.0E+10	1E-30	1.0E-10	1.0E+10	1E-30	1.0E-10	1.0E+10	1E-30	1.0E-10	1.0E+10	1E-30	1.0E-10
17	0.0000000000022	1.0E+10	1.0E+10	1E-30	0.000000000161	1.0E+10	1E-30	1.0E+10	0.17	0.00000000000165	0.00000000014	1.0E+10	7.5487260905851E-11	3.94773207723973E-12	1.40557882378234	1.0E+10	1E-30	1.0E-10	1.0E+10	1E-30	1.0E-10	1.0E+10	1E-30	1.0E-10	1.0E+10	1E-30	1.0E-10	1.0E+10	1E-30	1.0E-10	1.0E+10	1E-30	1.0E-10	1.0E+10	1E-30	1.0E-10	1.0E+10	1E-30	1.0E-10	1.0E+10	1E-30	1.0E-10	1.0E+10	1E-30	1.0E-10	1.0E+10	1E-30	1.0E-10	1.0E+10	1E-30	1.0E-10	1.0E+10	1E-30	1.0E-10
18	0.0000000000022	1.0E+10	1.0E+10	1E-30	0.000000000161	1.0E+10	1E-30	1.0E+10	0.17	0.00000000000165	0.00000000014	1.0E+10	7.5487260905851E-11	3.94773207723973E-12	1.40557882378234	1.0E+10	1E-30	1.0E-10	1.0E+10	1E-30	1.0E-10	1.0E+10	1E-30	1.0E-10	1.0E+10	1E-30	1.0E-10	1.0E+10	1E-30	1.0E-10	1.0E+10	1E-30	1.0E-10	1.0E+10	1E-30	1.0E-10	1.0E+10	1E-30	1.0E-10	1.0E+10	1E-30	1.0E-10	1.0E+10	1E-30	1.0E-10	1.0E+10	1E-30	1.0E-10	1.0E+10	1E-30	1.0E-10	1.0E+10	1E-30	1.0E-10
19	0.0000000000022	1.0E+10	1.0E+10	1E-30	0.000000000258	1.0E+10	1E-30	1.0E+10	0.18	1E-30	4.77518124615973E-12	0.28003125401991	0.0000000000018	0.00000000016	1.0E+10	0.0000000000164	2.11472311928332E-11	60	1.0E+10	1E-30	1.0E-10	1.0E+10	1E-30	1.0E-10	1.0E+10	1E-30	1.0E-10	1.0E+10	1E-30	1.0E-10	1.0E+10	1E-30	1.0E-10	1.0E+10	1E-30	1.0E-10	1.0E+10	1E-30	1.0E-10	1.0E+10	1E-30	1.0E-10	1.0E+10	1E-30	1.0E-10	1.0E+10	1E-30	1.0E-10	1.0E+10	1E-30	1.0E-10	1.0E+10	1E-30	1.0E-10
20	0.0000000000022	1.0E+10	1.0E+10	1E-30	0.000000000258	1.0E+10	1E-30	1.0E+10	0.18	1E-30	4.77518124615973E-12	0.28003125401991	0.0000000000018	0.00000000016	1.0E+10	0.0000000000164	2.11472311928332E-11	60	1.0E+10	1E-30	1.0E-10	1.0E+10	1E-30	1.0E-10	1.0E+10	1E-30	1.0E-10	1.0E+10	1E-30	1.0E-10	1.0E+10	1E-30	1.0E-10	1.0E+10	1E-30	1.0E-10	1.0E+10	1E-30	1.0E-10	1.0E+10	1E-30	1.0E-10	1.0E+10	1E-30	1.0E-10	1.0E+10	1E-30	1.0E-10	1.0E+10	1E-30	1.0E-10	1.0E+10	1E-30	1.0E-10
21	0.0000000000024	1.0E+10	1.0E+10	1E-30	0.000000000217	1.0E+10	1E-30	1.0E+10	0.18	2.33403691499991E-12	1.06397732110207E-10	1.0E+10	1.2622996990623E-10	2.77740960568068E-12	0.861919311398415	1.0E+10	1E-30	1.0E-10	1.0E+10	1E-30	1.0E-10	1.0E+10	1E-30	1.0E-10	1.0E+10	1E-30	1.0E-10	1.0E+10	1E-30	1.0E-10	1.0E+10	1E-30	1.0E-10	1.0E+10	1E-30	1.0E-10	1.0E+10	1E-30	1.0E-10	1.0E+10	1E-30	1.0E-10	1.0E+10	1E-30	1.0E-10	1.0E+10	1E-30	1.0E-10	1.0E+10	1E-30	1.0E-10	1.0E+10	1E-30	1.0E-10
22	0.0000000000027	1.0E+10	1.0E+10	1E-30	0.000000000218	1.0E+10	1E-30	1.0E+10	0.12	1E-30	2.19304311292523E-12	2.75585925302864E-02	2.51886470993681E-12	9.85905409837292E-11	1.0E+10	1.46226355171053E-10	2.39760014897607E-12	0.400813104397388	1.0E+10	1E-30	1.0E-10	1.0E+10	1E-30	1.0E-10	1.0E+10	1E-30	1.0E-10	1.0E+10	1E-30	1.0E-10	1.0E+10	1E-30	1.0E-10	1.0E+10	1E-30	1.0E-10	1.0E+10	1E-30	1.0E-10	1.0E+10	1E-30	1.0E-10	1.0E+10	1E-30	1.0E-10	1.0E+10	1E-30	1.0E-10	1.0E+10	1E-30	1.0E-10	1.0E+10	1E-30	1.0E-10
23	0.000000000003	1.0E+10	1.0E+10	1E-30	0.000000000129	1.0E+10	1E-30	1.0E+10	0.12	1E-30	9.29265172665672E-13	8.75811791904998E-02	0.00000000000175	0.00000000016	1.0E+10	3.68754472329667E-11	8.37701155835451E-12	2.39778550400288	1.0E+10	1E-30	1.0E-10	1.0E+10	1E-30	1.0E-10	1.0E+10	1E-30	1.0E-10	1.0E+10	1E-30	1.0E-10	1.0E+10	1E-30	1.0E-10	1.0E+10	1E-30	1.0E-10	1.0E+10	1E-30	1.0E-10	1.0E+10	1E-30	1.0E-10	1.0E+10	1E-30	1.0E-10	1.0E+10	1E-30	1.0E-10	1.0E+10	1E-30	1.0E-10	1.0E+10	1E-30	1.0E-10
24	0.000000000003	1.0E+10	1.0E+10	1E-30	0.000000000129	1.0E+10	1E-30	1.0E+10	0.12	1E-30	9.29265172665672E-13	8.75811791904998E-02	0.00000000000175	0.00000000016	1.0E+10	3.68754472329667E-11	8.37701155835451E-12	2.39778550400288	1.0E+10	1E-30	1.0E-10	1.0E+10	1E-30	1.0E-10	1.0E+10	1E-30	1.0E-10	1.0E+10	1E-30	1.0E-10	1.0E+10	1E-30	1.0E-10	1.0E+10	1E-30	1.0E-10	1.0E+10	1E-30	1.0E-10	1.0E+10	1E-30	1.0E-10	1.0E+10	1E-30	1.0E-10	1.0E+10	1E-30	1.0E-10	1.0E+10	1E-30	1.0E-10	1.0E+10	1E-30	1.0E-10
25	0.000000000003	1.0E+10	1.0E+10	1E-30	0.00000000028	1.0E+10	1E-30	1.0E+10	0.17	1.0E+10	1E-30	1.0E-10	0.00000000000163	0.000000000165	1.0E+10	0.000000000099	0.000000000004	0.8	2.07628821150329E-11	2.23705012286053E-11	69.6850808573278	1.0E+10	1E-30	1.0E-10	1.0E+10	1E-30	1.0E-10	1.0E+10	1E-30	1.0E-10	1.0E+10	1E-30	1.0E-10	1.0E+10	1E-30	1.0E-10	1.0E+10	1E-30	1.0E-10	1.0E+10	1E-30	1.0E-10	1.0E+10	1E-30	1.0E-10	1.0E+10	1E-30	1.0E-10	1.0E+10	1E-30	1.0E-10	1.0E+10	1E-30	1.0E-10
26	0.000000000003	1.0E+10	1.0E+10	1E-30	0.00000000028	1.0E+10	1E-30	1.0E+10	0.17	1.0E+10	1E-30	1.0E-10	0.00000000000163	0.000000000165	1.0E+10	0.000000000099	0.000000000004	0.8	2.07628821150329E-11	2.23705012286053E-11	69.6850808573278	1.0E+10	1E-30	1.0E-10	1.0E+10	1E-30	1.0E-10	1.0E+10	1E-30	1.0E-10	1.0E+10	1E-30	1.0E-10	1.0E+10	1E-30	1.0E-10	1.0E+10	1E-30	1.0E-10	1.0E+10	1E-30	1.0E-10	1.0E+10	1E-30	1.0E-10	1.0E+10	1E-30	1.0E-10	1.0E+10	1E-30	1.0E-10	1.0E+10	1E-30	1.0E-10
27	0.0000000000033	1.0E+10	1.0E+10	1E-30	0.00000000014	1.0E+10	1E-30	1.0E+10	0.12	1E-30	1.04680961210336E-12	0.098659481612733	0.00000000000165	0.00000000016	1.0E+10	7.00912983301325E-11	5.19537123243336E-12	1.13534024111146	1.0E+10	1E-30	1.0E-10	1.0E+10	1E-30	1.0E-10	1.0E+10	1E-30	1.0E-10	1.0E+10	1E-30	1.0E-10	1.0E+10	1E-30	1.0E-10	1.0E+10	1E-30	1.0E-10	1.0E+10	1E-30	1.0E-10	1.0E+10	1E-30	1.0E-10	1.0E+10	1E-30	1.0E-10	1.0E+10	1E-30	1.0E-10	1.0E+10	1E-30	1.0E-10	1.0E+10	1E-30	1.0E-10
28	0.0000000000033	1.0E+10	1.0E+10	1E-30	0.00000000014	1.0E+10	1E-30	1.0E+10	0.12	1E-30	1.04680961210336E-12	0.098659481612733	0.00000000000165	0.00000000016	1.0E+10	7.00912983301325E-11	5.19537123243336E-12	1.13534024111146	1.0E+10	1E-30	1.0E-10	1.0E+10	1E-30	1.0E-10	1.0E+10	1E-30	1.0E-10	1.0E+10	1E-30	1.0E-10	1.0E+10	1E-30	1.0E-10	1.0E+10	1E-30	1.0E-10	1.0E+10	1E-30	1.0E-10	1.0E+10	1E-30	1.0E-10	1.0E+10	1E-30	1.0E-10	1.0E+10	1E-30	1.0E-10	1.0E+10	1E-30	1.0E-10	1.0E+10	1E-30	1.0E-10
29	0.0000000000033	1.0E+10	1.0E+10	1E-30	0.00000000024	1.0E+10	1E-30	1.0E+10	0.15	1E-30	3.93439796052949E-12	0.185404135936472	0.00000000000135	0.00000000021	1.0E+10	0.000000000165	2.27726610429131E-12	1.35521792951644	2.16756004942526E-11	2.38509100150822E-11	61.18820988531	1.0E+10	1E-30	1.0E-10	1.0E+10	1E-30	1.0E-10	1.0E+10	1E-30	1.0E-10	1.0E+10	1E-30	1.0E-10	1.0E+10	1E-30	1.0E-10	1.0E+10	1E-30	1.0E-10	1.0E+10	1E-30	1.0E-10	1.0E+10	1E-30	1.0E-10	1.0E+10	1E-30	1.0E-10	1.0E+10	1E-30	1.0E-10	1.0E+10	1E-30	1.0E-10
30	0.0000000000033	1.0E+10	1.0E+10	1E-30	0.00000000024	1.0E+10	1E-30	1.0E+10	0.15	1E-30	3.93439796052949E-12	0.185404135936472	0.00000000000135	0.00000000021	1.0E+10	0.000000000165	2.27726610429131E-12	1.35521792951644	2.16756004942526E-11	2.38509100150822E-11	61.18820988531	1.0E+10	1E-30	1.0E-10	1.0E+10	1E-30	1.0E-10	1.0E+10	1E-30	1.0E-10	1.0E+10	1E-30	1.0E-10	1.0E+10	1E-30	1.0E-10	1.0E+10	1E-30	1.0E-10	1.0E+10	1E-30	1.0E-10	1.0E+10	1E-30	1.0E-10	1.0E+10	1E-30	1.0E-10	1.0E+10	1E-30	1.0E-10	1.0E+10	1E-30	1.0E-10
31	0.0000000000036	1.0E+10	1.0E+10	1E-30	0.000000000114	1.0E+10	1E-30	1.0E+10	0.1	1E-30	3.24356314062842E-12	4.07598165362115E-02	1.31628080139899E-12	1.88665088903183E-10	1.0E+10	7.54355740166489E-11	4.64757291917694E-12	1.44229099012897	1.0E+10	1E-30	1.0E-10	1.0E+10	1E-30	1.0E-10	1.0E+10	1E-30	1.0E-10	1.0E+10	1E-30	1.0E-10	1.0E+10	1E-30	1.0E-10	1.0E+10	1E-30	1.0E-10	1.0E+10	1E-30	1.0E-10	1.0E+10	1E-30	1.0E-10	1.0E+10	1E-30	1.0E-10	1.0E+10	1E-30	1.0E-10	1.0E+10	1E-30	1.0E-10	1.0E+10	1E-30	1.0E-10
32	0.0000000000039	1.0E+10	1.0E+10	1E-30	0.000000000128	1.0E+10	1E-30	1.0E+10	0.1	1E-30	3.38780367339395E-12	2.12861982642779E-02	0.00000000000143	0.000000000183	1.0E+10	8.07069674431824E-11	4.34401566617109E-12	1.36853870521532	1.0E+10	1E-30	1.0E-10	1.0E+10	1E-30	1.0E-10	1.0E+10	1E-30	1.0E-10	1.0E+10	1E-30	1.0E-10	1.0E+10	1E-30	1.0E-10	1.0E+10	1E-30	1.0E-10	1.0E+10	1E-30	1.0E-10	1.0E+10	1E-30	1.0E-10	1.0E+10	1E-30	1.0E-10	1.0E+10	1E-30	1.0E-10	1.0E+10	1E-30	1.0E-10	1.0E+10	1E-30	1.0E-10
33	0.000000000004	1.0E+10	1.0E+10	1E-30	0.000000000138	1.0E+10	1E-30	1.0E+10	0.105	1E-30	1.88872870268711E-12	0.17800848650958	0.0000000000019	0.000000000155	1.0E+10	0.000000000025	0.000000000013	8.12004011574256	1.0E+10	1E-30	1.0E-10	1.0E+10	1E-30	1.0E-10	1.0E+10	1E-30	1.0E-10	1.0E+10	1E-30	1.0E-10	1.0E+10	1E-30	1.0E-10	1.0E+10	1E-30	1.0E-10	1.0E+10	1E-30	1.0E-10	1.0E+10	1E-30	1.0E-10	1.0E+10	1E-30	1.0E-10	1.0E+10	1E-30	1.0E-10	1.0E+10	1E-30	1.0E-10	1.0E+10	1E-30	1.0E-10
34	0.000000000004	1.0E+10	1.0E+10	1E-30	0.000000000138	1.0E+10	1E-30	1.0E+10	0.105	1E-30	1.88872870268711E-12	0.17800848650958	0.0000000000019	0.000000000155	1.0E+10	0.000000000025	0.000000000013	8.12004011574256	1.0E+10	1E-30	1.0E-10	1.0E+10	1E-30	1.0E-10	1.0E+10	1E-30	1.0E-10	1.0E+10	1E-30	1.0E-10	1.0E+10	1E-30	1.0E-10	1.0E+10	1E-30	1.0E-10	1.0E+10	1E-30	1.0E-10	1.0E+10	1E-30	1.0E-10	1.0E+10	1E-30	1.0E-10	1.0E+10	1E-30	1.0E-10	1.0E+10	1E-30	1.0E-10	1.0E+10	1E-30	1.0E-10
35	0.000000000004	1.0E+10	1.0E+10	1E-30	0.00000000025	1.0E+10	1E-30	1.0E+10	0.15	1E-30	2.73737222809928E-12	6.87976678554993E-02	0.00000000000128	0.00000000021	1.0E+10	0.000000000165	2.27726610429131E-12	1.35521792951644	4.79469981967711E-11	1.28800356648118E-11	19.5258427599005	1.0E+10	1E-30	1.0E-10	1.0E+10	1E-30	1.0E-10	1.0E+10	1E-30	1.0E-10	1.0E+10	1E-30	1.0E-10	1.0E+10	1E-30	1.0E-10	1.0E+10	1E-30	1.0E-10	1.0E+10	1E-30	1.0E-10	1.0E+10	1E-30	1.0E-10	1.0E+10	1E-30	1.0E-10	1.0E+10	1E-30	1.0E-10	1.0E+10	1E-30	1.0E-10
36	0.000000000004	1.0E+10	1.0E+10	1E-30	0.00000000025	1.0E+10	1E-30	1.0E+10	0.15	1E-30	2.73737222809928E-12	6.87976678554993E-02	0.00000000000128	0.00000000021	1.0E+10	0.000000000165	2.27726610429131E-12	1.35521792951644	4.79469981967711E-11	1.28800356648118E-11	19.5258427599005	1.0E+10	1E-30	1.0E-10	1.0E+10	1E-30	1.0E-10	1.0E+10	1E-30	1.0E-10	1.0E+10	1E-30	1.0E-10	1.0E+10	1E-30	1.0E-10	1.0E+10	1E-30	1.0E-10	1.0E+10	1E-30	1.0E-10	1.0E+10	1E-30	1.0E-10	1.0E+10	1E-30	1.0E-10	1.0E+10	1E-30	1.0E-10	1.0E+10	1E-30	1.0E-10
37	0.0000000000043	1.0E+10	1.0E+10	1E-30	0.000000000148	1.0E+10	1E-30	1.0E+10	0.09	1E-30	5.26408413437311E-12	3.30752160888503E-02	2.68770951590521E-12	1.10876372441844E-10	1.0E+10	5.93887203824888E-12	5.97341760417755E-11	121.014896338124	1.0E+10	1E-30	1.0E-10	1.0E+10	1E-30	1.0E-10	1.0E+10	1E-30	1.0E-10	1.0E+10	1E-30	1.0E-10	1.0E+10	1E-30	1.0E-10	1.0E+10	1E-30	1.0E-10	1.0E+10	1E-30	1.0E-10	1.0E+10	1E-30	1.0E-10	1.0E+10	1E-30	1.0E-10	1.0E+10	1E-30	1.0E-10	1.0E+10	1E-30	1.0E-10	1.0E+10	1E-30	1.0E-10
38	0.0000000000047	1.0E+10	1.0E+10	1E-30	0.000000000133	1.0E+10	1E-30	1.0E+10	0.1	1E-30	1.83741016706284E-12	0.173171828474275	0.000000000002	0.000000000125	1.0E+10	0.0000000000063	5.93086648993412E-11	170.101085427307	1.71774961639999E-09	3.08885831914947E-13	6.17687783956341E-02	1.0E+10	1E-30	1.0E-10	1.0E+10	1E-30	1.0E-10	1.0E+10	1E-30	1.0E-10	1.0E+10	1E-30	1.0E-10	1.0E+10	1E-30	1.0E-10	1.0E+10	1E-30	1.0E-10	1.0E+10	1E-30	1.0E-10	1.0E+10	1E-30	1.0E-10	1.0E+10	1E-30	1.0E-10	1.0E+10	1E-30	1.0E-10	1.0E+10	1E-30	1.0E-10
39	0.0000000000047	1.0E+10	1.0E+10	1E-30	0.000000000133	1.0E+10	1E-30	1.0E+10	0.1	1E-30	1.83741016706284E-12	0.173171828474275	0.000000000002	0.000000000125	1.0E+10	0.0000000000063	5.93086648993412E-11	170.101085427307	1.71774961639999E-09	3.08885831914947E-13	6.17687783956341E-02	1.0E+10	1E-30	1.0E-10	1.0E+10	1E-30	1.0E-10	1.0E+10	1E-30	1.0E-10	1.0E+10	1E-30	1.0E-10	1.0E+10	1E-30	1.0E-10	1.0E+10	1E-30	1.0E-10	1.0E+10	1E-30	1.0E-10	1.0E+10	1E-30	1.0E-10	1.0E+10	1E-30	1.0E-10	1.0E+10	1E-30	1.0E-10	1.0E+10	1E-30	1.0E-10
40	0.0000000000047	1.0E+10	1.0E+10	1E-30	0.0000000002	1.0E+10	1E-30	1.0E+10	0.13	1E-30	6.61634235662575E-13	3.11787788118157E-02	0.00000000000128	0.00000000024	1.0E+10	0.00000000002	1.75100584090212E-11	10.4203654803752	5.04541984426703E-11	1.43506312522304E-11	28.6767635534089	1.0E+10	1E-30	1.0E-10	1.0E+10	1E-30	1.0E-10	1.0E+10	1E-30	1.0E-10	1.0E+10	1E-30	1.0E-10	1.0E+10	1E-30	1.0E-10	1.0E+10	1E-30	1.0E-10	1.0E+10	1E-30	1.0E-10	1.0E+10	1E-30	1.0E-10	1.0E+10	1E-30	1.0E-10	1.0E+10	1E-30	1.0E-10	1.0E+10	1E-30	1.0E-10
41	0.0000000000047	1.0E+10	1.0E+10	1E-30	0.0000000002	1.0E+10	1E-30	1.0E+10	0.13	1E-30	6.61634235662575E-13	3.11787788118157E-02	0.00000000000128	0.00000000024	1.0E+10	0.00000000002	1.75100584090212E-11	10.4203654803752	5.04541984426703E-11	1.43506312522304E-11	28.6767635534089	1.0E+10	1E-30	1.0E-10	1.0E+10	1E-30	1.0E-10	1.0E+10	1E-30	1.0E-10	1.0E+10	1E-30	1.0E-10	1.0E+10	1E-30	1.0E-10	1.0E+10	1E-30	1.0E-10	1.0E+10	1E-30	1.0E-10	1.0E+10	1E-30	1.0E-10	1.0E+10	1E-30	1.0E-10	1.0E+10	1E-30	1.0E-10	1.0E+10	1E-30	1.0E-10
42	0.000000000005	1.0E+10	1.0E+10	1E-30	0.000000000116	1.0E+10	1E-30	1.0E+10	0.1	1E-30	3.80160301522979E-12	0.358292643135322	0.000000000002	0.000000000125	1.0E+10	5.56553563247271E-12	7.12089495696606E-11	190.643457164349	3.29987971601743E-09	1.76869286592063E-13	6.02881607772574E-02	1.0E+10	1E-30	1.0E-10	1.0E+10	1E-30	1.0E-10	1.0E+10	1E-30	1.0E-10	1.0E+10	1E-30	1.0E-10	1.0E+10	1E-30	1.0E-10	1.0E+10	1E-30	1.0E-10	1.0E+10	1E-30	1.0E-10	1.0E+10	1E-30	1.0E-10	1.0E+10	1E-30	1.0E-10	1.0E+10	1E-30	1.0E-10	1.0E+10	1E-30	1.0E-10
43	0.000000000005	1.0E+10	1.0E+10	1E-30	0.000000000116	1.0E+10	1E-30	1.0E+10	0.1	1E-30	3.80160301522979E-12	0.358292643135322	0.000000000002	0.000000000125	1.0E+10	5.56553563247271E-12	7.12089495696606E-11	190.643457164349	3.29987971601743E-09	1.76869286592063E-13	6.02881607772574E-02	1.0E+10	1E-30	1.0E-10	1.0E+10	1E-30	1.0E-10	1.0E+10	1E-30	1.0E-10	1.0E+10	1E-30	1.0E-10	1.0E+10	1E-30	1.0E-10	1.0E+10	1E-30	1.0E-10	1.0E+10	1E-30	1.0E-10	1.0E+10	1E-30	1.0E-10	1.0E+10	1E-30	1.0E-10	1.0E+10	1E-30	1.0E-10	1.0E+10	1E-30	1.0E-10
44	0.000000000005	1.0E+10	1.0E+10	1E-30	0.000000000182	1.0E+10	1E-30	1.0E+10	0.125	1E-30	3.93439796052949E-12	0.185404135936472	0.00000000000115	0.00000000026	1.0E+10	0.0000000000185	1.75100584090212E-11	10.4203654803752	4.87330898216604E-11	1.61702374043217E-11	23.3274973174322	1.0E+10	1E-30	1.0E-10	1.0E+10	1E-30	1.0E-10	1.0E+10	1E-30	1.0E-10	1.0E+10	1E-30	1.0E-10	1.0E+10	1E-30	1.0E-10	1.0E+10	1E-30	1.0E-10	1.0E+10	1E-30	1.0E-10	1.0E+10	1E-30	1.0E-10	1.0E+10	1E-30	1.0E-10	1.0E+10	1E-30	1.0E-10	1.0E+10	1E-30	1.0E-10
45	0.000000000005	1.0E+10	1.0E+10	1E-30	0.000000000182	1.0E+10	1E-30	1.0E+10	0.125	1E-30	3.93439796052949E-12	0.185404135936472	0.00000000000115	0.00000000026	1.0E+10	0.0000000000185	1.75100584090212E-11	10.4203654803752	4.87330898216604E-11	1.61702374043217E-11	23.3274973174322	1.0E+10	1E-30	1.0E-10	1.0E+10	1E-30	1.0E-10	1.0E+10	1E-30	1.0E-10	1.0E+10	1E-30	1.0E-10	1.0E+10	1E-30	1.0E-10	1.0E+10	1E-30	1.0E-10	1.0E+10	1E-30	1.0E-10	1.0E+10	1E-30	1.0E-10	1.0E+10	1E-30	1.0E-10	1.0E+10	1E-30	1.0E-10	1.0E+10	1E-30	1.0E-10
46	0.0000000000051	1.0E+10	1.0E+10	1E-30	0.00000000027	1.0E+10	1E-30	1.0E+10	0.09	1E-30	2.65031132520733E-12	0.124892978834958	0.0000000000121	2.47266221997637E-11	1.0E+10	7.4994020906536E-12	5.41750529475628E-11	133.643365032266	1.0E+10	1E-30	1.0E-10	1.0E+10	1E-30	1.0E-10	1.0E+10	1E-30	1.0E-10	1.0E+10	1E-30	1.0E-10	1.0E+10	1E-30	1.0E-10	1.0E+10	1E-30	1.0E-10	1.0E+10	1E-30	1.0E-10	1.0E+10	1E-30	1.0E-10	1.0E+10	1E-30	1.0E-10	1.0E+10	1E-30	1.0E-10	1.0E+10	1E-30	1.0E-10	1.0E+10	1E-30	1.0E-10
47	0.0000000000056	1.0E+10	1.0E+10	1E-30	0.000000000195	1.0E+10	1E-30	1.0E+10	0.085	1E-30	3.33758188400912E-12	0.125823872730689	2.81656338722852E-12	8.81699433939797E-11	1.0E+10	8.42836659453758E-12	5.19361812346743E-11	110.453859330899	1.0E+10	1E-30	1.0E-10	1.0E+10	1E-30	1.0E-10	1.0E+10	1E-30	1.0E-10	1.0E+10	1E-30	1.0E-10	1.0E+10	1E-30	1.0E-10	1.0E+10	1E-30	1.0E-10	1.0E+10	1E-30	1.0E-10	1.0E+10	1E-30	1.0E-10	1.0E+10	1E-30	1.0E-10	1.0E+10	1E-30	1.0E-10	1.0E+10	1E-30	1.0E-10	1.0E+10	1E-30	1.0E-10
48	0.000000000006	1.0E+10	1.0E+10	1E-30	0.000000000016	1.0E+10	1E-30	1.0E+10	0.09	1E-30	9.04441092286683E-13	6.81932517871818E-02	4.96247050670917E-12	5.67152453519502E-11	1.0E+10	1.24651623325692E-12	1.63456171725234E-10	1276.79799785721	6.24038583504788E-12	7.57592799659241E-11	212.533523966357	1.0E+10	1E-30	1.0E-10	1.0E+10	1E-30	1.0E-10	1.0E+10	1E-30	1.0E-10	1.0E+10	1E-30	1.0E-10	1.0E+10	1E-30	1.0E-10	1.0E+10	1E-30	1.0E-10	1.0E+10	1E-30	1.0E-10	1.0E+10	1E-30	1.0E-10	1.0E+10	1E-30	1.0E-10	1.0E+10	1E-30	1.0E-10	1.0E+10	1E-30	1.0E-10
49	0.000000000006	1.0E+10	1.0E+10	1E-30	0.000000000016	1.0E+10	1E-30	1.0E+10	0.09	1E-30	9.04441092286683E-13	6.81932517871818E-02	4.96247050670917E-12	5.67152453519502E-11	1.0E+10	1.24651623325692E-12	1.63456171725234E-10	1276.79799785721	6.24038583504788E-12	7.57592799659241E-11	212.533523966357	1.0E+10	1E-30	1.0E-10	1.0E+10	1E-30	1.0E-10	1.0E+10	1E-30	1.0E-10	1.0E+10	1E-30	1.0E-10	1.0E+10	1E-30	1.0E-10	1.0E+10	1E-30	1.0E-10	1.0E+10	1E-30	1.0E-10	1.0E+10	1E-30	1.0E-10	1.0E+10	1E-30	1.0E-10	1.0E+10	1E-30	1.0E-10	1.0E+10	1E-30	1.0E-10
50	0.000000000006	1.0E+10	1.0E+10	1E-30	0.000000000169	1.0E+10	1E-30	1.0E+10	0.12	1.0E+10	1E-30	1.0E-10	0.00000000000113	0.00000000027	1.0E+10	0.0000000000082	4.09806359003823E-11	24.3878800244413	8.14664008890899E-11	1.18159395712352E-11	19.5362678791435	1.0E+10	1E-30	1.0E-10	1.0E+10	1E-30	1.0E-10	1.0E+10	1E-30	1.0E-10	1.0E+10	1E-30	1.0E-10	1.0E+10	1E-30	1.0E-10	1.0E+10	1E-30	1.0E-10	1.0E+10	1E-30	1.0E-10	1.0E+10	1E-30	1.0E-10	1.0E+10	1E-30	1.0E-10	1.0E+10	1E-30	1.0E-10	1.0E+10	1E-30	1.0E-10
51	0.000000000006	1.0E+10	1.0E+10	1E-30	0.000000000169	1.0E+10	1E-30	1.0E+10	0.12	1.0E+10	1E-30	1.0E-10	0.00000000000113	0.00000000027	1.0E+10	0.0000000000082	4.09806359003823E-11	24.3878800244413	8.14664008890899E-11	1.18159395712352E-11	19.5362678791435	1.0E+10	1E-30	1.0E-10	1.0E+10	1E-30	1.0E-10	1.0E+10	1E-30	1.0E-10	1.0E+10	1E-30	1.0E-10	1.0E+10	1E-30	1.0E-10	1.0E+10	1E-30	1.0E-10	1.0E+10	1E-30	1.0E-10	1.0E+10	1E-30	1.0E-10	1.0E+10	1E-30	1.0E-10	1.0E+10	1E-30	1.0E-10	1.0E+10	1E-30	1.0E-10
52	0.0000000000062	1.0E+10	1.0E+10	1E-30	0.000000000216	1.0E+10	1E-30	1.0E+10	0.08	1E-30	4.65523323697631E-12	8.77490792281909E-02	3.50817791077591E-12	7.07878108617842E-11	1.0E+10	1.14360319803498E-11	4.08115944536653E-11	106.579268181538	1.0E+10	1E-30	1.0E-10	1.0E+10	1E-30	1.0E-10	1.0E+10	1E-30	1.0E-10	1.0E+10	1E-30	1.0E-10	1.0E+10	1E-30	1.0E-10	1.0E+10	1E-30	1.0E-10	1.0E+10	1E-30	1.0E-10	1.0E+10	1E-30	1.0E-10	1.0E+10	1E-30	1.0E-10	1.0E+10	1E-30	1.0E-10	1.0E+10	1E-30	1.0E-10	1.0E+10	1E-30	1.0E-10
53	0.0000000000068	1.0E+10	1.0E+10	1E-30	0.00000000015	1.0E+10	1E-30	1.0E+10	0.08	1E-30	2.60715893735259E-12	0.491437881859673	0.000000000002	0.00000000012	1.0E+10	2.68590914808601E-10	1.38688366243396E-12	1.18511039887786	9.46993595343776E-12	5.73600048203284E-11	64.639760978011	1.0E+10	1E-30	1.0E-10	1.0E+10	1E-30	1.0E-10	1.0E+10	1E-30	1.0E-10	1.0E+10	1E-30	1.0E-10	1.0E+10	1E-30	1.0E-10	1.0E+10	1E-30	1.0E-10	1.0E+10	1E-30	1.0E-10	1.0E+10	1E-30	1.0E-10	1.0E+10	1E-30	1.0E-10	1.0E+10	1E-30	1.0E-10	1.0E+10	1E-30	1.0E-10
54	0.0000000000068	1.0E+10	1.0E+10	1E-30	0.00000000015	1.0E+10	1E-30	1.0E+10	0.08	1E-30	2.60715893735259E-12	0.491437881859673	0.000000000002	0.00000000012	1.0E+10	2.68590914808601E-10	1.38688366243396E-12	1.18511039887786	9.46993595343776E-12	5.73600048203284E-11	64.639760978011	1.0E+10	1E-30	1.0E-10	1.0E+10	1E-30	1.0E-10	1.0E+10	1E-30	1.0E-10	1.0E+10	1E-30	1.0E-10	1.0E+10	1E-30	1.0E-10	1.0E+10	1E-30	1.0E-10	1.0E+10	1E-30	1.0E-10	1.0E+10	1E-30	1.0E-10	1.0E+10	1E-30	1.0E-10	1.0E+10	1E-30	1.0E-10	1.0E+10	1E-30	1.0E-10
55	0.0000000000068	1.0E+10	1.0E+10	1E-30	0.000000000187	1.0E+10	1E-30	1.0E+10	0.115	1E-30	5.90564967274459E-13	5.84424087236936E-02	0.00000000000105	0.00000000027	1.0E+10	0.000000000024	1.45163696936566E-11	8.6387991474781	8.76882014371857E-11	1.17905215531654E-11	18.1500977877741	1.0E+10	1E-30	1.0E-10	1.0E+10	1E-30	1.0E-10	1.0E+10	1E-30	1.0E-10	1.0E+10	1E-30	1.0E-10	1.0E+10	1E-30	1.0E-10	1.0E+10	1E-30	1.0E-10	1.0E+10	1E-30	1.0E-10	1.0E+10	1E-30	1.0E-10	1.0E+10	1E-30	1.0E-10	1.0E+10	1E-30	1.0E-10	1.0E+10	1E-30	1.0E-10
56	0.0000000000068	1.0E+10	1.0E+10	1E-30	0.000000000187	1.0E+10	1E-30	1.0E+10	0.115	1E-30	5.90564967274459E-13	5.84424087236936E-02	0.00000000000105	0.00000000027	1.0E+10	0.000000000024	1.45163696936566E-11	8.6387991474781	8.76882014371857E-11	1.17905215531654E-11	18.1500977877741	1.0E+10	1E-30	1.0E-10	1.0E+10	1E-30	1.0E-10	1.0E+10	1E-30	1.0E-10	1.0E+10	1E-30	1.0E-10	1.0E+10	1E-30	1.0E-10	1.0E+10	1E-30	1.0E-10	1.0E+10	1E-30	1.0E-10	1.0E+10	1E-30	1.0E-10	1.0E+10	1E-30	1.0E-10	1.0E+10	1E-30	1.0E-10	1.0E+10	1E-30	1.0E-10
57	0.000000000007	1.0E+10	1.0E+10	1E-30	0.000000000132	1.0E+10	1E-30	1.0E+10	0.075	1E-30	1.07859198332817E-11	2.03309799062677	0.0000000000019	0.000000000142	1.0E+10	1.38090598823412E-10	2.85831621495396E-12	1.21320003296052	1.03103324144071E-11	5.43279843405826E-11	118.741932248843	3.55102970829412E-09	2.74671758519337E-13	0.112048445215875	1.0E+10	1E-30	1.0E-10	1.0E+10	1E-30	1.0E-10	1.0E+10	1E-30	1.0E-10	1.0E+10	1E-30	1.0E-10	1.0E+10	1E-30	1.0E-10	1.0E+10	1E-30	1.0E-10	1.0E+10	1E-30	1.0E-10	1.0E+10	1E-30	1.0E-10	1.0E+10	1E-30	1.0E-10	1.0E+10	1E-30	1.0E-10
58	0.000000000007	1.0E+10	1.0E+10	1E-30	0.000000000132	1.0E+10	1E-30	1.0E+10	0.075	1E-30	1.07859198332817E-11	2.03309799062677	0.0000000000019	0.000000000142	1.0E+10	1.38090598823412E-10	2.85831621495396E-12	1.21320003296052	1.03103324144071E-11	5.43279843405826E-11	118.741932248843	3.55102970829412E-09	2.74671758519337E-13	0.112048445215875	1.0E+10	1E-30	1.0E-10	1.0E+10	1E-30	1.0E-10	1.0E+10	1E-30	1.0E-10	1.0E+10	1E-30	1.0E-10	1.0E+10	1E-30	1.0E-10	1.0E+10	1E-30	1.0E-10	1.0E+10	1E-30	1.0E-10	1.0E+10	1E-30	1.0E-10	1.0E+10	1E-30	1.0E-10	1.0E+10	1E-30	1.0E-10
59	0.000000000007	1.0E+10	1.0E+10	1E-30	0.000000000197	1.0E+10	1E-30	1.0E+10	0.11	1E-30	1.52689362576078E-12	3.83750223800251E-02	0.00000000000115	0.00000000027	1.0E+10	0.000000000028	1.17077095645273E-11	6.96734469701167	7.11601274800974E-11	1.5260765104443E-11	18.6381227718206	1.0E+10	1E-30	1.0E-10	1.0E+10	1E-30	1.0E-10	1.0E+10	1E-30	1.0E-10	1.0E+10	1E-30	1.0E-10	1.0E+10	1E-30	1.0E-10	1.0E+10	1E-30	1.0E-10	1.0E+10	1E-30	1.0E-10	1.0E+10	1E-30	1.0E-10	1.0E+10	1E-30	1.0E-10	1.0E+10	1E-30	1.0E-10	1.0E+10	1E-30	1.0E-10
60	0.000000000007	1.0E+10	1.0E+10	1E-30	0.000000000197	1.0E+10	1E-30	1.0E+10	0.11	1E-30	1.52689362576078E-12	3.83750223800251E-02	0.00000000000115	0.00000000027	1.0E+10	0.000000000028	1.17077095645273E-11	6.96734469701167	7.11601274800974E-11	1.5260765104443E-11	18.6381227718206	1.0E+10	1E-30	1.0E-10	1.0E+10	1E-30	1.0E-10	1.0E+10	1E-30	1.0E-10	1.0E+10	1E-30	1.0E-10	1.0E+10	1E-30	1.0E-10	1.0E+10	1E-30	1.0E-10	1.0E+10	1E-30	1.0E-10	1.0E+10	1E-30	1.0E-10	1.0E+10	1E-30	1.0E-10	1.0E+10	1E-30	1.0E-10	1.0E+10	1E-30	1.0E-10
61	0.0000000000075	1.0E+10	1.0E+10	1E-30	0.00000000013	1.0E+10	1E-30	1.0E+10	0.075	1E-30	1.07221255727405E-12	4.04214611162267E-02	1.52932493861718E-12	1.49891917254605E-10	1.0E+10	1.05443843875192E-10	2.96574642109933E-12	1.03450561315865	1.28114894766213E-11	4.47092462804032E-11	72.6054371639762	1.0E+10	1E-30	1.0E-10	1.0E+10	1E-30	1.0E-10	1.0E+10	1E-30	1.0E-10	1.0E+10	1E-30	1.0E-10	1.0E+10	1E-30	1.0E-10	1.0E+10	1E-30	1.0E-10	1.0E+10	1E-30	1.0E-10	1.0E+10	1E-30	1.0E-10	1.0E+10	1E-30	1.0E-10	1.0E+10	1E-30	1.0E-10	1.0E+10	1E-30	1.0E-10
62	0.000000000008	1.0E+10	1.0E+10	1E-30	0.000000000045	1.0E+10	1E-30	1.0E+10	0.067	1E-30	1.1499470814543E-12	7.22533060622768E-02	1E-30	5.24928529932894E-12	0.989466967978123	0.00000000000124	0.000000000203	1.0E+10	1.35549642135585E-10	2.85517174435614E-12	1.46768132862995	1.06166458632486E-11	5.69156445383124E-11	99.9405054678257	4.04814047594641E-09	2.45575628904066E-13	0.131051894104281	1.0E+10	1E-30	1.0E-10	1.0E+10	1E-30	1.0E-10	1.0E+10	1E-30	1.0E-10	1.0E+10	1E-30	1.0E-10	1.0E+10	1E-30	1.0E-10	1.0E+10	1E-30	1.0E-10	1.0E+10	1E-30	1.0E-10	1.0E+10	1E-30	1.0E-10	1.0E+10	1E-30	1.0E-10
63	0.000000000008	1.0E+10	1.0E+10	1E-30	0.000000000045	1.0E+10	1E-30	1.0E+10	0.067	1E-30	1.1499470814543E-12	7.22533060622768E-02	1E-30	5.24928529932894E-12	0.989466967978123	0.00000000000124	0.000000000203	1.0E+10	1.35549642135585E-10	2.85517174435614E-12	1.46768132862995	1.06166458632486E-11	5.69156445383124E-11	99.9405054678257	4.04814047594641E-09	2.45575628904066E-13	0.131051894104281	1.0E+10	1E-30	1.0E-10	1.0E+10	1E-30	1.0E-10	1.0E+10	1E-30	1.0E-10	1.0E+10	1E-30	1.0E-10	1.0E+10	1E-30	1.0E-10	1.0E+10	1E-30	1.0E-10	1.0E+10	1E-30	1.0E-10	1.0E+10	1E-30	1.0E-10	1.0E+10	1E-30	1.0E-10
64	0.000000000008	1.0E+10	1.0E+10	1E-30	0.000000000185	1.0E+10	1E-30	1.0E+10	0.11	1E-30	1.4799263461434E-12	3.71946058951847E-02	1E-30	1.48668726580728E-11	2.80233947546739	0.00000000000105	0.00000000028	1.0E+10	0.00000000005	7.15658488583243E-12	4.25893668425928	9.54278682807911E-11	1.3139252966811E-11	15.1618509884337	1.0E+10	1E-30	1.0E-10	1.0E+10	1E-30	1.0E-10	1.0E+10	1E-30	1.0E-10	1.0E+10	1E-30	1.0E-10	1.0E+10	1E-30	1.0E-10	1.0E+10	1E-30	1.0E-10	1.0E+10	1E-30	1.0E-10	1.0E+10	1E-30	1.0E-10	1.0E+10	1E-30	1.0E-10	1.0E+10	1E-30	1.0E-10
65	0.000000000008	1.0E+10	1.0E+10	1E-30	0.000000000185	1.0E+10	1E-30	1.0E+10	0.11	1E-30	1.4799263461434E-12	3.71946058951847E-02	1E-30	1.48668726580728E-11	2.80233947546739	0.00000000000105	0.00000000028	1.0E+10	0.00000000005	7.15658488583243E-12	4.25893668425928	9.54278682807911E-11	1.3139252966811E-11	15.1618509884337	1.0E+10	1E-30	1.0E-10	1.0E+10	1E-30	1.0E-10	1.0E+10	1E-30	1.0E-10	1.0E+10	1E-30	1.0E-10	1.0E+10	1E-30	1.0E-10	1.0E+10	1E-30	1.0E-10	1.0E+10	1E-30	1.0E-10	1.0E+10	1E-30	1.0E-10	1.0E+10	1E-30	1.0E-10	1.0E+10	1E-30	1.0E-10
66	0.0000000000082	1.0E+10	1.0E+10	1E-30	0.000000000146	1.0E+10	1E-30	1.0E+10	0.07	1E-30	1.26615375356457E-12	3.18219146441089E-02	1.87573169989161E-12	1.29350778407908E-10	1.0E+10	2.46424939121246E-11	1.14212357460033E-11	6.45855665662102	1.46524415032366E-11	4.20084778683433E-11	67.4615915571935	1.0E+10	1E-30	1.0E-10	1.0E+10	1E-30	1.0E-10	1.0E+10	1E-30	1.0E-10	1.0E+10	1E-30	1.0E-10	1.0E+10	1E-30	1.0E-10	1.0E+10	1E-30	1.0E-10	1.0E+10	1E-30	1.0E-10	1.0E+10	1E-30	1.0E-10	1.0E+10	1E-30	1.0E-10	1.0E+10	1E-30	1.0E-10	1.0E+10	1E-30	1.0E-10
67	0.000000000009	1.0E+10	1.0E+10	1E-30	0.000000000117	1.0E+10	1E-30	1.0E+10	0.067	1E-30	1.1499470814543E-12	7.22533060622768E-02	1E-30	5.24928529932894E-12	0.989466967978123	1.78213958297164E-12	1.62587721436241E-10	893.055429623032	1.50512268046989E-11	4.73812386864439E-11	105.7421731511	1.0E+10	1E-30	1.0E-10	1.0E+10	1E-30	1.0E-10	1.0E+10	1E-30	1.0E-10	1.0E+10	1E-30	1.0E-10	1.0E+10	1E-30	1.0E-10	1.0E+10	1E-30	1.0E-10	1.0E+10	1E-30	1.0E-10	1.0E+10	1E-30	1.0E-10	1.0E+10	1E-30	1.0E-10	1.0E+10	1E-30	1.0E-10	1.0E+10	1E-30	1.0E-10
68	0.000000000009	1.0E+10	1.0E+10	1E-30	0.000000000117	1.0E+10	1E-30	1.0E+10	0.067	1E-30	1.1499470814543E-12	7.22533060622768E-02	1E-30	5.24928529932894E-12	0.989466967978123	1.78213958297164E-12	1.62587721436241E-10	893.055429623032	1.50512268046989E-11	4.73812386864439E-11	105.7421731511	1.0E+10	1E-30	1.0E-10	1.0E+10	1E-30	1.0E-10	1.0E+10	1E-30	1.0E-10	1.0E+10	1E-30	1.0E-10	1.0E+10	1E-30	1.0E-10	1.0E+10	1E-30	1.0E-10	1.0E+10	1E-30	1.0E-10	1.0E+10	1E-30	1.0E-10	1.0E+10	1E-30	1.0E-10	1.0E+10	1E-30	1.0E-10	1.0E+10	1E-30	1.0E-10
69	0.000000000009	1.0E+10	1.0E+10	1E-30	1.3003733018401E-10	1.0E+10	1E-30	1.0E+10	0.04	1E-30	9.75222090528516E-12	0.137714375766913	1.12421978967785E-10	1.23858067304559E-11	15.2829212024248	5.03738122672265E-12	6.69589771255428E-11	78.8606482902819	1.32297893984122E-12	2.36873870456438E-10	100000	6.83927060479283E-12	4.27014329201042E-11	100000	1.0E+10	1E-30	1.0E-10	1.0E+10	1E-30	1.0E-10	1.0E+10	1E-30	1.0E-10	1.0E+10	1E-30	1.0E-10	1.0E+10	1E-30	1.0E-10	1.0E+10	1E-30	1.0E-10	1.0E+10	1E-30	1.0E-10	1.0E+10	1E-30	1.0E-10	1.0E+10	1E-30	1.0E-10	1.0E+10	1E-30	1.0E-10
70	0.000000000009	1.0E+10	1.0E+10	1E-30	1.3003733018401E-10	1.0E+10	1E-30	1.0E+10	0.04	1E-30	9.75222090528516E-12	0.137714375766913	1.12421978967785E-10	1.23858067304559E-11	15.2829212024248	5.03738122672265E-12	6.69589771255428E-11	78.8606482902819	1.32297893984122E-12	2.36873870456438E-10	100000	6.83927060479283E-12	4.27014329201042E-11	100000	1.0E+10	1E-30	1.0E-10	1.0E+10	1E-30	1.0E-10	1.0E+10	1E-30	1.0E-10	1.0E+10	1E-30	1.0E-10	1.0E+10	1E-30	1.0E-10	1.0E+10	1E-30	1.0E-10	1.0E+10	1E-30	1.0E-10	1.0E+10	1E-30	1.0E-10	1.0E+10	1E-30	1.0E-10	1.0E+10	1E-30	1.0E-10
71	0.00000000001	1.0E+10	1.0E+10	1E-30	1.55249423325738E-10	1.0E+10	1E-30	1.0E+10	0.08	1.63293794639151E-11	4.81990288636385E-11	101.686742431722	2.07547550672878E-11	1.57961512305798E-11	8.62738375092131	2.77359545778815E-12	1.18031241192489E-10	100000	1.0E+10	1E-30	1.0E-10	1.0E+10	1E-30	1.0E-10	1.0E+10	1E-30	1.0E-10	1.0E+10	1E-30	1.0E-10	1.0E+10	1E-30	1.0E-10	1.0E+10	1E-30	1.0E-10	1.0E+10	1E-30	1.0E-10	1.0E+10	1E-30	1.0E-10	1.0E+10	1E-30	1.0E-10	1.0E+10	1E-30	1.0E-10	1.0E+10	1E-30	1.0E-10	1.0E+10	1E-30	1.0E-10
72	0.00000000001	1.0E+10	1.0E+10	1E-30	1.55249423325738E-10	1.0E+10	1E-30	1.0E+10	0.08	1.63293794639151E-11	4.81990288636385E-11	101.686742431722	2.07547550672878E-11	1.57961512305798E-11	8.62738375092131	2.77359545778815E-12	1.18031241192489E-10	100000	1.0E+10	1E-30	1.0E-10	1.0E+10	1E-30	1.0E-10	1.0E+10	1E-30	1.0E-10	1.0E+10	1E-30	1.0E-10	1.0E+10	1E-30	1.0E-10	1.0E+10	1E-30	1.0E-10	1.0E+10	1E-30	1.0E-10	1.0E+10	1E-30	1.0E-10	1.0E+10	1E-30	1.0E-10	1.0E+10	1E-30	1.0E-10	1.0E+10	1E-30	1.0E-10	1.0E+10	1E-30	1.0E-10
73	0.00000000001	1.0E+10	1.0E+10	1E-30	2.59458584455321E-10	1.0E+10	1E-30	1.0E+10	0.07	1E-30	4.98275582011064E-12	6.02156535170352E-02	1.328973415303E-10	1.15139585711515E-11	14.0562749981211	1.60658291005068E-12	2.04364107986977E-10	100000	1.13764792822977E-11	2.62821576013439E-11	15.0310336958665	1.0E+10	1E-30	1.0E-10	1.0E+10	1E-30	1.0E-10	1.0E+10	1E-30	1.0E-10	1.0E+10	1E-30	1.0E-10	1.0E+10	1E-30	1.0E-10	1.0E+10	1E-30	1.0E-10	1.0E+10	1E-30	1.0E-10	1.0E+10	1E-30	1.0E-10	1.0E+10	1E-30	1.0E-10	1.0E+10	1E-30	1.0E-10	1.0E+10	1E-30	1.0E-10
74	0.00000000001	1.0E+10	1.0E+10	1E-30	2.59458584455321E-10	1.0E+10	1E-30	1.0E+10	0.07	1E-30	4.98275582011064E-12	6.02156535170352E-02	1.328973415303E-10	1.15139585711515E-11	14.0562749981211	1.60658291005068E-12	2.04364107986977E-10	100000	1.13764792822977E-11	2.62821576013439E-11	15.0310336958665	1.0E+10	1E-30	1.0E-10	1.0E+10	1E-30	1.0E-10	1.0E+10	1E-30	1.0E-10	1.0E+10	1E-30	1.0E-10	1.0E+10	1E-30	1.0E-10	1.0E+10	1E-30	1.0E-10	1.0E+10	1E-30	1.0E-10	1.0E+10	1E-30	1.0E-10	1.0E+10	1E-30	1.0E-10	1.0E+10	1E-30	1.0E-10	1.0E+10	1E-30	1.0E-10
75	0.000000000012	1.0E+10	1.0E+10	1E-30	2.61837498700325E-10	1.0E+10	1E-30	1.0E+10	0.05	2.77525271797569E-11	3.35573590866623E-11	58.090320957767	7.18187210436151E-12	5.25792410090507E-11	119.392149506593	1.0E+10	1E-30	1.0E-10	1.0E+10	1E-30	1.0E-10	1.0E+10	1E-30	1.0E-10	1.0E+10	1E-30	1.0E-10	1.0E+10	1E-30	1.0E-10	1.0E+10	1E-30	1.0E-10	1.0E+10	1E-30	1.0E-10	1.0E+10	1E-30	1.0E-10	1.0E+10	1E-30	1.0E-10	1.0E+10	1E-30	1.0E-10	1.0E+10	1E-30	1.0E-10	1.0E+10	1E-30	1.0E-10	1.0E+10	1E-30	1.0E-10
76	0.000000000012	1.0E+10	1.0E+10	1E-30	2.61837498700325E-10	1.0E+10	1E-30	1.0E+10	0.05	2.77525271797569E-11	3.35573590866623E-11	58.090320957767	7.18187210436151E-12	5.25792410090507E-11	119.392149506593	1.0E+10	1E-30	1.0E-10	1.0E+10	1E-30	1.0E-10	1.0E+10	1E-30	1.0E-10	1.0E+10	1E-30	1.0E-10	1.0E+10	1E-30	1.0E-10	1.0E+10	1E-30	1.0E-10	1.0E+10	1E-30	1.0E-10	1.0E+10	1E-30	1.0E-10	1.0E+10	1E-30	1.0E-10	1.0E+10	1E-30	1.0E-10	1.0E+10	1E-30	1.0E-10	1.0E+10	1E-30	1.0E-10	1.0E+10	1E-30	1.0E-10
77	0.000000000015	1.0E+10	1.0E+10	1E-30	6.66911251287136E-11	1.0E+10	1E-30	1.0E+10	5.14079156553773E-02	1E-30	3.99524011804291E-12	4.61480490654292E-02	3.31661563313739E-11	3.45714438594824E-11	51.0948308731135	8.6499783881571E-12	5.37094450673113E-11	156.448540570429	1.30402913265075E-12	1.73681194631901E-10	100000	1.0E+10	1E-30	1.0E-10	1.0E+10	1E-30	1.0E-10	1.0E+10	1E-30	1.0E-10	1.0E+10	1E-30	1.0E-10	1.0E+10	1E-30	1.0E-10	1.0E+10	1E-30	1.0E-10	1.0E+10	1E-30	1.0E-10	1.0E+10	1E-30	1.0E-10	1.0E+10	1E-30	1.0E-10	1.0E+10	1E-30	1.0E-10	1.0E+10	1E-30	1.0E-10
78	0.000000000015	1.0E+10	1.0E+10	1E-30	6.66911251287136E-11	1.0E+10	1E-30	1.0E+10	5.14079156553773E-02	1E-30	3.99524011804291E-12	4.61480490654292E-02	3.31661563313739E-11	3.45714438594824E-11	51.0948308731135	8.6499783881571E-12	5.37094450673113E-11	156.448540570429	1.30402913265075E-12	1.73681194631901E-10	100000	1.0E+10	1E-30	1.0E-10	1.0E+10	1E-30	1.0E-10	1.0E+10	1E-30	1.0E-10	1.0E+10	1E-30	1.0E-10	1.0E+10	1E-30	1.0E-10	1.0E+10	1E-30	1.0E-10	1.0E+10	1E-30	1.0E-10	1.0E+10	1E-30	1.0E-10	1.0E+10	1E-30	1.0E-10	1.0E+10	1E-30	1.0E-10	1.0E+10	1E-30	1.0E-10
79	0.000000000015	1.0E+10	1.0E+10	1E-30	1.3003733018401E-10	1.0E+10	1E-30	1.0E+10	0.06	1E-30	6.66865398463903E-12	7.67965535779211E-02	1.93827739123332E-10	1.1237310433044E-11	10.6883174748238	1.91753478253535E-11	1.67804898574384E-11	3.53686027611449	8.75092286558815E-13	3.41182098223076E-10	100000	1.0E+10	1E-30	1.0E-10	1.0E+10	1E-30	1.0E-10	1.0E+10	1E-30	1.0E-10	1.0E+10	1E-30	1.0E-10	1.0E+10	1E-30	1.0E-10	1.0E+10	1E-30	1.0E-10	1.0E+10	1E-30	1.0E-10	1.0E+10	1E-30	1.0E-10	1.0E+10	1E-30	1.0E-10	1.0E+10	1E-30	1.0E-10	1.0E+10	1E-30	1.0E-10
80	0.000000000015	1.0E+10	1.0E+10	1E-30	1.3003733018401E-10	1.0E+10	1E-30	1.0E+10	0.06	1E-30	6.66865398463903E-12	7.67965535779211E-02	1.93827739123332E-10	1.1237310433044E-11	10.6883174748238	1.91753478253535E-11	1.67804898574384E-11	3.53686027611449	8.75092286558815E-13	3.41182098223076E-10	100000	1.0E+10	1E-30	1.0E-10	1.0E+10	1E-30	1.0E-10	1.0E+10	1E-30	1.0E-10	1.0E+10	1E-30	1.0E-10	1.0E+10	1E-30	1.0E-10	1.0E+10	1E-30	1.0E-10	1.0E+10	1E-30	1.0E-10	1.0E+10	1E-30	1.0E-10	1.0E+10	1E-30	1.0E-10	1.0E+10	1E-30	1.0E-10	1.0E+10	1E-30	1.0E-10
81	0.000000000018	1.0E+10	1.0E+10	1E-30	1.29015847243138E-10	1.0E+10	1E-30	1.0E+10	0.045	4.07593991713136E-11	3.38909516584427E-11	46.8655321498899	1.36050310777266E-11	3.98092019185993E-11	91.7838304408452	5.21350287978239E-11	4.49869852109193E-12	1.01758163216959	1.5855605370468E-12	1.39590950156614E-10	100000	1.0E+10	1E-30	1.0E-10	1.0E+10	1E-30	1.0E-10	1.0E+10	1E-30	1.0E-10	1.0E+10	1E-30	1.0E-10	1.0E+10	1E-30	1.0E-10	1.0E+10	1E-30	1.0E-10	1.0E+10	1E-30	1.0E-10	1.0E+10	1E-30	1.0E-10	1.0E+10	1E-30	1.0E-10	1.0E+10	1E-30	1.0E-10	1.0E+10	1E-30	1.0E-10
82	0.000000000018	1.0E+10	1.0E+10	1E-30	1.29015847243138E-10	1.0E+10	1E-30	1.0E+10	0.045	4.07593991713136E-11	3.38909516584427E-11	46.8655321498899	1.36050310777266E-11	3.98092019185993E-11	91.7838304408452	5.21350287978239E-11	4.49869852109193E-12	1.01758163216959	1.5855605370468E-12	1.39590950156614E-10	100000	1.0E+10	1E-30	1.0E-10	1.0E+10	1E-30	1.0E-10	1.0E+10	1E-30	1.0E-10	1.0E+10	1E-30	1.0E-10	1.0E+10	1E-30	1.0E-10	1.0E+10	1E-30	1.0E-10	1.0E+10	1E-30	1.0E-10	1.0E+10	1E-30	1.0E-10	1.0E+10	1E-30	1.0E-10	1.0E+10	1E-30	1.0E-10	1.0E+10	1E-30	1.0E-10
83	0.00000000002	1.0E+10	1.0E+10	1E-30	1.9991398774512E-10	1.0E+10	1E-30	1.0E+10	4.19110149260591E-02	4.38910387814604E-11	3.39655935216923E-11	34.4765505320939	1.96178070310501E-11	3.00957150937726E-11	63.1541571907414	3.81876021160292E-12	6.50305912539231E-11	100000	1.7736551266741E-11	1.32235276984008E-11	4.74056055316458	1.0E+10	1E-30	1.0E-10	1.0E+10	1E-30	1.0E-10	1.0E+10	1E-30	1.0E-10	1.0E+10	1E-30	1.0E-10	1.0E+10	1E-30	1.0E-10	1.0E+10	1E-30	1.0E-10	1.0E+10	1E-30	1.0E-10	1.0E+10	1E-30	1.0E-10	1.0E+10	1E-30	1.0E-10	1.0E+10	1E-30	1.0E-10	1.0E+10	1E-30	1.0E-10
84	0.00000000002	1.0E+10	1.0E+10	1E-30	1.9991398774512E-10	1.0E+10	1E-30	1.0E+10	4.19110149260591E-02	4.38910387814604E-11	3.39655935216923E-11	34.4765505320939	1.96178070310501E-11	3.00957150937726E-11	63.1541571907414	3.81876021160292E-12	6.50305912539231E-11	100000	1.7736551266741E-11	1.32235276984008E-11	4.74056055316458	1.0E+10	1E-30	1.0E-10	1.0E+10	1E-30	1.0E-10	1.0E+10	1E-30	1.0E-10	1.0E+10	1E-30	1.0E-10	1.0E+10	1E-30	1.0E-10	1.0E+10	1E-30	1.0E-10	1.0E+10	1E-30	1.0E-10	1.0E+10	1E-30	1.0E-10	1.0E+10	1E-30	1.0E-10	1.0E+10	1E-30	1.0E-10	1.0E+10	1E-30	1.0E-10
85	0.000000000022	1.0E+10	1.0E+10	1E-30	1.46850150397172E-10	1.0E+10	1E-30	1.0E+10	0.04	1E-30	4.44849035535043E-12	3.47485868514047E-02	5.29737157004739E-11	3.11215666630922E-11	28.0101789354038	1.86830977561396E-11	3.45465655969129E-11	54.4949418645018	3.07712645190471E-11	1.02897525932454E-11	6.49598169442715	1.97514613421201E-12	1.20071754996399E-10	100000	1.0E+10	1E-30	1.0E-10	1.0E+10	1E-30	1.0E-10	1.0E+10	1E-30	1.0E-10	1.0E+10	1E-30	1.0E-10	1.0E+10	1E-30	1.0E-10	1.0E+10	1E-30	1.0E-10	1.0E+10	1E-30	1.0E-10	1.0E+10	1E-30	1.0E-10	1.0E+10	1E-30	1.0E-10	1.0E+10	1E-30	1.0E-10
86	0.000000000022	1.0E+10	1.0E+10	1E-30	1.46850150397172E-10	1.0E+10	1E-30	1.0E+10	0.04	1E-30	4.44849035535043E-12	3.47485868514047E-02	5.29737157004739E-11	3.11215666630922E-11	28.0101789354038	1.86830977561396E-11	3.45465655969129E-11	54.4949418645018	3.07712645190471E-11	1.02897525932454E-11	6.49598169442715	1.97514613421201E-12	1.20071754996399E-10	100000	1.0E+10	1E-30	1.0E-10	1.0E+10	1E-30	1.0E-10	1.0E+10	1E-30	1.0E-10	1.0E+10	1E-30	1.0E-10	1.0E+10	1E-30	1.0E-10	1.0E+10	1E-30	1.0E-10	1.0E+10	1E-30	1.0E-10	1.0E+10	1E-30	1.0E-10	1.0E+10	1E-30	1.0E-10	1.0E+10	1E-30	1.0E-10
87	0.000000000022	1.0E+10	1.0E+10	1E-30	6.51730497832003E-11	1.0E+10	1E-30	1.0E+10	0.065	1E-30	5.72086255361033E-12	0.384831534833185	1E-30	6.99282090324683E-12	6.46621343606829E-02	3.04983023295119E-10	1.06083495285816E-11	8.17480223525633	2.05203248654811E-11	1.70001214895456E-11	21.4791786871819	7.97741989649692E-13	4.01982952018373E-10	100000	1.0E+10	1E-30	1.0E-10	1.0E+10	1E-30	1.0E-10	1.0E+10	1E-30	1.0E-10	1.0E+10	1E-30	1.0E-10	1.0E+10	1E-30	1.0E-10	1.0E+10	1E-30	1.0E-10	1.0E+10	1E-30	1.0E-10	1.0E+10	1E-30	1.0E-10	1.0E+10	1E-30	1.0E-10	1.0E+10	1E-30	1.0E-10
88	0.000000000022	1.0E+10	1.0E+10	1E-30	6.51730497832003E-11	1.0E+10	1E-30	1.0E+10	0.065	1E-30	5.72086255361033E-12	0.384831534833185	1E-30	6.99282090324683E-12	6.46621343606829E-02	3.04983023295119E-10	1.06083495285816E-11	8.17480223525633	2.05203248654811E-11	1.70001214895456E-11	21.4791786871819	7.97741989649692E-13	4.01982952018373E-10	100000	1.0E+10	1E-30	1.0E-10	1.0E+10	1E-30	1.0E-10	1.0E+10	1E-30	1.0E-10	1.0E+10	1E-30	1.0E-10	1.0E+10	1E-30	1.0E-10	1.0E+10	1E-30	1.0E-10	1.0E+10	1E-30	1.0E-10	1.0E+10	1E-30	1.0E-10	1.0E+10	1E-30	1.0E-10	1.0E+10	1E-30	1.0E-10
89	0.000000000027	1.0E+10	1.0E+10	1E-30	2.81383916246892E-11	1.0E+10	1E-30	1.0E+10	3.97164117362141E-02	1E-30	4.31978724131497E-12	4.70074550716903E-02	6.63851460013448E-11	2.96154008859912E-11	21.0689474801768	2.36145371644743E-11	3.29462524842178E-11	35.7135499106317	3.78280938460513E-11	9.95676392464284E-12	21.7039849991227	7.56559330180955E-13	2.32506329239663E-10	100000	1.0E+10	1E-30	1.0E-10	1.0E+10	1E-30	1.0E-10	1.0E+10	1E-30	1.0E-10	1.0E+10	1E-30	1.0E-10	1.0E+10	1E-30	1.0E-10	1.0E+10	1E-30	1.0E-10	1.0E+10	1E-30	1.0E-10	1.0E+10	1E-30	1.0E-10	1.0E+10	1E-30	1.0E-10	1.0E+10	1E-30	1.0E-10
90	0.000000000027	1.0E+10	1.0E+10	1E-30	2.81383916246892E-11	1.0E+10	1E-30	1.0E+10	3.97164117362141E-02	1E-30	4.31978724131497E-12	4.70074550716903E-02	6.63851460013448E-11	2.96154008859912E-11	21.0689474801768	2.36145371644743E-11	3.29462524842178E-11	35.7135499106317	3.78280938460513E-11	9.95676392464284E-12	21.7039849991227	7.56559330180955E-13	2.32506329239663E-10	100000	1.0E+10	1E-30	1.0E-10	1.0E+10	1E-30	1.0E-10	1.0E+10	1E-30	1.0E-10	1.0E+10	1E-30	1.0E-10	1.0E+10	1E-30	1.0E-10	1.0E+10	1E-30	1.0E-10	1.0E+10	1E-30	1.0E-10	1.0E+10	1E-30	1.0E-10	1.0E+10	1E-30	1.0E-10	1.0E+10	1E-30	1.0E-10
91	0.000000000033	1.0E+10	1.0E+10	1E-30	6.82445609915316E-11	1.0E+10	1E-30	1.0E+10	3.55240503401063E-02	1E-30	6.25923429228428E-12	9.40566228019588E-02	8.01988674024787E-11	3.15620691072317E-11	26.1549457626598	3.07442602178044E-11	3.21346931624778E-11	38.0199687446781	4.37095445924443E-11	1.11616280741365E-11	18.654551167145	6.41882327977796E-11	5.08399766622615E-12	1.86518108744427	1.27969715750843E-12	1.896412836122E-10	100000	1.0E+10	1E-30	1.0E-10	1.0E+10	1E-30	1.0E-10	1.0E+10	1E-30	1.0E-10	1.0E+10	1E-30	1.0E-10	1.0E+10	1E-30	1.0E-10	1.0E+10	1E-30	1.0E-10	1.0E+10	1E-30	1.0E-10	1.0E+10	1E-30	1.0E-10	1.0E+10	1E-30	1.0E-10
92	0.000000000033	1.0E+10	1.0E+10	1E-30	6.82445609915316E-11	1.0E+10	1E-30	1.0E+10	3.55240503401063E-02	1E-30	6.25923429228428E-12	9.40566228019588E-02	8.01988674024787E-11	3.15620691072317E-11	26.1549457626598	3.07442602178044E-11	3.21346931624778E-11	38.0199687446781	4.37095445924443E-11	1.11616280741365E-11	18.654551167145	6.41882327977796E-11	5.08399766622615E-12	1.86518108744427	1.27969715750843E-12	1.896412836122E-10	100000	1.0E+10	1E-30	1.0E-10	1.0E+10	1E-30	1.0E-10	1.0E+10	1E-30	1.0E-10	1.0E+10	1E-30	1.0E-10	1.0E+10	1E-30	1.0E-10	1.0E+10	1E-30	1.0E-10	1.0E+10	1E-30	1.0E-10	1.0E+10	1E-30	1.0E-10	1.0E+10	1E-30	1.0E-10
93	0.000000000033	1.0E+10	1.0E+10	1E-30	8.65981522128348E-12	1.0E+10	1E-30	1.0E+10	0.04	1E-30	1.96098215896183E-11	0.856458048081373	2.0230165147499E-10	2.39167338923419E-11	14.7339968170732	5.33968998402137E-11	1.68838258761565E-11	15.9076470807439	1.13139816695625E-10	6.72163674355725E-12	6.20549660892548	1.31647794800189E-10	2.41051107432943E-12	1.41253873449887	7.83744245439355E-13	3.45659897255558E-10	100000	1.0E+10	1E-30	1.0E-10	1.0E+10	1E-30	1.0E-10	1.0E+10	1E-30	1.0E-10	1.0E+10	1E-30	1.0E-10	1.0E+10	1E-30	1.0E-10	1.0E+10	1E-30	1.0E-10	1.0E+10	1E-30	1.0E-10	1.0E+10	1E-30	1.0E-10	1.0E+10	1E-30	1.0E-10
94	0.000000000033	1.0E+10	1.0E+10	1E-30	8.65981522128348E-12	1.0E+10	1E-30	1.0E+10	0.04	1E-30	1.96098215896183E-11	0.856458048081373	2.0230165147499E-10	2.39167338923419E-11	14.7339968170732	5.33968998402137E-11	1.68838258761565E-11	15.9076470807439	1.13139816695625E-10	6.72163674355725E-12	6.20549660892548	1.31647794800189E-10	2.41051107432943E-12	1.41253873449887	7.83744245439355E-13	3.45659897255558E-10	100000	1.0E+10	1E-30	1.0E-10	1.0E+10	1E-30	1.0E-10	1.0E+10	1E-30	1.0E-10	1.0E+10	1E-30	1.0E-10	1.0E+10	1E-30	1.0E-10	1.0E+10	1E-30	1.0E-10	1.0E+10	1E-30	1.0E-10	1.0E+10	1E-30	1.0E-10	1.0E+10	1E-30	1.0E-10
95	0.000000000039	1.0E+10	1.0E+10	1E-30	0.000000000145	1.0E+10	1E-30	1.0E+10	0.03	1E-30	5.48149197341674E-12	3.44412298287949E-02	1.16910884086571E-10	2.55017987921055E-11	19.4476507635194	4.08792124732568E-11	2.81463274406022E-11	28.0033219645277	6.70160312404345E-11	8.4325785561668E-12	11.328310658372	1.68965804275846E-11	2.02695702453716E-11	40.0941240734244	1.66567156744221E-12	1.21185516730521E-10	100000	1.0E+10	1E-30	1.0E-10	1.0E+10	1E-30	1.0E-10	1.0E+10	1E-30	1.0E-10	1.0E+10	1E-30	1.0E-10	1.0E+10	1E-30	1.0E-10	1.0E+10	1E-30	1.0E-10	1.0E+10	1E-30	1.0E-10	1.0E+10	1E-30	1.0E-10	1.0E+10	1E-30	1.0E-10
96	0.000000000039	1.0E+10	1.0E+10	1E-30	0.000000000145	1.0E+10	1E-30	1.0E+10	0.03	1E-30	5.48149197341674E-12	3.44412298287949E-02	1.16910884086571E-10	2.55017987921055E-11	19.4476507635194	4.08792124732568E-11	2.81463274406022E-11	28.0033219645277	6.70160312404345E-11	8.4325785561668E-12	11.328310658372	1.68965804275846E-11	2.02695702453716E-11	40.0941240734244	1.66567156744221E-12	1.21185516730521E-10	100000	1.0E+10	1E-30	1.0E-10	1.0E+10	1E-30	1.0E-10	1.0E+10	1E-30	1.0E-10	1.0E+10	1E-30	1.0E-10	1.0E+10	1E-30	1.0E-10	1.0E+10	1E-30	1.0E-10	1.0E+10	1E-30	1.0E-10	1.0E+10	1E-30	1.0E-10	1.0E+10	1E-30	1.0E-10
97	0.000000000047	1.0E+10	1.0E+10	1E-30	8.42320341436704E-11	1.0E+10	1E-30	1.0E+10	0.032	1E-30	6.62390121645393E-11	13.4477026669628	1.14353651466206E-10	3.12140110856261E-11	18.5571715403006	4.95500751343703E-11	2.78528618151491E-11	23.7525549672749	1.07882556938333E-10	6.24498434978498E-12	9.4633675445642	3.06593564803872E-11	1.36026226662613E-11	25.8177560908904	2.04025209167552E-12	1.1624017623941E-10	100000	1.0E+10	1E-30	1.0E-10	1.0E+10	1E-30	1.0E-10	1.0E+10	1E-30	1.0E-10	1.0E+10	1E-30	1.0E-10	1.0E+10	1E-30	1.0E-10	1.0E+10	1E-30	1.0E-10	1.0E+10	1E-30	1.0E-10	1.0E+10	1E-30	1.0E-10	1.0E+10	1E-30	1.0E-10
98	0.000000000047	1.0E+10	1.0E+10	1E-30	8.42320341436704E-11	1.0E+10	1E-30	1.0E+10	0.032	1E-30	6.62390121645393E-11	13.4477026669628	1.14353651466206E-10	3.12140110856261E-11	18.5571715403006	4.95500751343703E-11	2.78528618151491E-11	23.7525549672749	1.07882556938333E-10	6.24498434978498E-12	9.4633675445642	3.06593564803872E-11	1.36026226662613E-11	25.8177560908904	2.04025209167552E-12	1.1624017623941E-10	100000	1.0E+10	1E-30	1.0E-10	1.0E+10	1E-30	1.0E-10	1.0E+10	1E-30	1.0E-10	1.0E+10	1E-30	1.0E-10	1.0E+10	1E-30	1.0E-10	1.0E+10	1E-30	1.0E-10	1.0E+10	1E-30	1.0E-10	1.0E+10	1E-30	1.0E-10	1.0E+10	1E-30	1.0E-10
99	0.000000000047	1.0E+10	1.0E+10	1E-30	4.83134492611009E-11	1.0E+10	1E-30	1.0E+10	5.03324763614236E-02	1E-30	5.7462510562414E-12	4.76979897475848E-02	4.29593588882874E-10	1.52734149823828E-11	5.79785678809226	2.51233352460212E-11	2.17240387660951E-11	12.8044190064977	2.07145364940509E-11	1.630506406622E-11	9.54787163633522	7.95945926330881E-13	3.79897741732413E-10	100000	1.0E+10	1E-30	1.0E-10	1.0E+10	1E-30	1.0E-10	1.0E+10	1E-30	1.0E-10	1.0E+10	1E-30	1.0E-10	1.0E+10	1E-30	1.0E-10	1.0E+10	1E-30	1.0E-10	1.0E+10	1E-30	1.0E-10	1.0E+10	1E-30	1.0E-10	1.0E+10	1E-30	1.0E-10	1.0E+10	1E-30	1.0E-10
100	0.000000000047	1.0E+10	1.0E+10	1E-30	4.83134492611009E-11	1.0E+10	1E-30	1.0E+10	5.03324763614236E-02	1E-30	5.7462510562414E-12	4.76979897475848E-02	4.29593588882874E-10	1.52734149823828E-11	5.79785678809226	2.51233352460212E-11	2.17240387660951E-11	12.8044190064977	2.07145364940509E-11	1.630506406622E-11	9.54787163633522	7.95945926330881E-13	3.79897741732413E-10	100000	1.0E+10	1E-30	1.0E-10	1.0E+10	1E-30	1.0E-10	1.0E+10	1E-30	1.0E-10	1.0E+10	1E-30	1.0E-10	1.0E+10	1E-30	1.0E-10	1.0E+10	1E-30	1.0E-10	1.0E+10	1E-30	1.0E-10	1.0E+10	1E-30	1.0E-10	1.0E+10	1E-30	1.0E-10	1.0E+10	1E-30	1.0E-10
101	0.000000000068	1.0E+10	1.0E+10	1E-30	2.22812734533436E-10	1.0E+10	1E-30	1.0E+10	0.048	1E-30	6.31326821975709E-12	5.38056143847265E-02	7.54152292317363E-10	1.28807413813484E-11	4.76483060682653	7.71245719457795E-11	1.20614942411003E-11	5.01788861404803	1.52980895441604E-11	2.18881937921018E-11	14.5226547789447	1.4764517140128E-12	2.16681005969373E-10	100000	1.0E+10	1E-30	1.0E-10	1.0E+10	1E-30	1.0E-10	1.0E+10	1E-30	1.0E-10	1.0E+10	1E-30	1.0E-10	1.0E+10	1E-30	1.0E-10	1.0E+10	1E-30	1.0E-10	1.0E+10	1E-30	1.0E-10	1.0E+10	1E-30	1.0E-10	1.0E+10	1E-30	1.0E-10	1.0E+10	1E-30	1.0E-10
102	0.000000000068	1.0E+10	1.0E+10	1E-30	2.22812734533436E-10	1.0E+10	1E-30	1.0E+10	0.048	1E-30	6.31326821975709E-12	5.38056143847265E-02	7.54152292317363E-10	1.28807413813484E-11	4.76483060682653	7.71245719457795E-11	1.20614942411003E-11	5.01788861404803	1.52980895441604E-11	2.18881937921018E-11	14.5226547789447	1.4764517140128E-12	2.16681005969373E-10	100000	1.0E+10	1E-30	1.0E-10	1.0E+10	1E-30	1.0E-10	1.0E+10	1E-30	1.0E-10	1.0E+10	1E-30	1.0E-10	1.0E+10	1E-30	1.0E-10	1.0E+10	1E-30	1.0E-10	1.0E+10	1E-30	1.0E-10	1.0E+10	1E-30	1.0E-10	1.0E+10	1E-30	1.0E-10	1.0E+10	1E-30	1.0E-10
103	1.0E-10	1.0E+10	1.0E+10	1E-30	1.06444016770073E-10	1.0E+10	1E-30	1.0E+10	0.045	6.65773471986902E-10	2.11749338705142E-11	4.2962512536685	1.40038633012254E-10	1.26213760946688E-11	3.44606281346511	2.71369427400693E-11	1.94030308367357E-11	10.7587053938011	2.81409909303403E-11	1.17028758364498E-11	4.02898253577644	9.41444617564646E-13	2.89918087004052E-10	100000	1.0E+10	1E-30	1.0E-10	1.0E+10	1E-30	1.0E-10	1.0E+10	1E-30	1.0E-10	1.0E+10	1E-30	1.0E-10	1.0E+10	1E-30	1.0E-10	1.0E+10	1E-30	1.0E-10	1.0E+10	1E-30	1.0E-10	1.0E+10	1E-30	1.0E-10	1.0E+10	1E-30	1.0E-10	1.0E+10	1E-30	1.0E-10
104	1.0E-10	1.0E+10	1.0E+10	1E-30	1.06444016770073E-10	1.0E+10	1E-30	1.0E+10	0.045	6.65773471986902E-10	2.11749338705142E-11	4.2962512536685	1.40038633012254E-10	1.26213760946688E-11	3.44606281346511	2.71369427400693E-11	1.94030308367357E-11	10.7587053938011	2.81409909303403E-11	1.17028758364498E-11	4.02898253577644	9.41444617564646E-13	2.89918087004052E-10	100000	1.0E+10	1E-30	1.0E-10	1.0E+10	1E-30	1.0E-10	1.0E+10	1E-30	1.0E-10	1.0E+10	1E-30	1.0E-10	1.0E+10	1E-30	1.0E-10	1.0E+10	1E-30	1.0E-10	1.0E+10	1E-30	1.0E-10	1.0E+10	1E-30	1.0E-10	1.0E+10	1E-30	1.0E-10	1.0E+10	1E-30	1.0E-10
END DSCRDATA
