BEGIN DSCRDATA
% INDEX	K01	L01	M01	K02	L02	M02	K03	L03	M03	K04	L04	M04	K05	L05	M05	K06	L06	M06	K07	L07	M07	K08	L08	M08	K09	L09	M09	K10	L10	M10	K11	L11	M11	K12	L12	M12	K13	L13	M13	K14	L14	M14	K15	L15	M15	K16	L16	M16	K17	L17	M17	K18	L18	M18
0	0.000000000001	1.0E+10	1.0E+10	1E-30	0.000000000443	1.0E+10	1E-30	1.0E+10	0.2	0.000000000033	0.00000000001	1.0E+10	5.27911144158679E-10	7.10846223407196E-13	0.200987034595929	1.0E+10	1E-30	1.0E-10	1.0E+10	1E-30	1.0E-10	1.0E+10	1E-30	1.0E-10	1.0E+10	1E-30	1.0E-10	1.0E+10	1E-30	1.0E-10	1.0E+10	1E-30	1.0E-10	1.0E+10	1E-30	1.0E-10	1.0E+10	1E-30	1.0E-10	1.0E+10	1E-30	1.0E-10	1.0E+10	1E-30	1.0E-10	1.0E+10	1E-30	1.0E-10	1.0E+10	1E-30	1.0E-10	1.0E+10	1E-30	1.0E-10
1	0.000000000001	1.0E+10	1.0E+10	1E-30	0.000000000443	1.0E+10	1E-30	1.0E+10	0.2	0.000000000033	0.00000000001	1.0E+10	5.27911144158679E-10	7.10846223407196E-13	0.200987034595929	1.0E+10	1E-30	1.0E-10	1.0E+10	1E-30	1.0E-10	1.0E+10	1E-30	1.0E-10	1.0E+10	1E-30	1.0E-10	1.0E+10	1E-30	1.0E-10	1.0E+10	1E-30	1.0E-10	1.0E+10	1E-30	1.0E-10	1.0E+10	1E-30	1.0E-10	1.0E+10	1E-30	1.0E-10	1.0E+10	1E-30	1.0E-10	1.0E+10	1E-30	1.0E-10	1.0E+10	1E-30	1.0E-10	1.0E+10	1E-30	1.0E-10
2	0.000000000001	1.0E+10	1.0E+10	1E-30	0.000000000304	1.0E+10	1E-30	1.0E+10	0.2	1E-30	3.17392635871287E-12	0.791047242704343	4.07045890260602E-12	0.000000000048	900	1.0E+10	1E-30	1.0E-10	1.0E+10	1E-30	1.0E-10	1.0E+10	1E-30	1.0E-10	1.0E+10	1E-30	1.0E-10	1.0E+10	1E-30	1.0E-10	1.0E+10	1E-30	1.0E-10	1.0E+10	1E-30	1.0E-10	1.0E+10	1E-30	1.0E-10	1.0E+10	1E-30	1.0E-10	1.0E+10	1E-30	1.0E-10	1.0E+10	1E-30	1.0E-10	1.0E+10	1E-30	1.0E-10	1.0E+10	1E-30	1.0E-10
3	0.000000000001	1.0E+10	1.0E+10	1E-30	0.000000000304	1.0E+10	1E-30	1.0E+10	0.2	1E-30	3.17392635871287E-12	0.791047242704343	4.07045890260602E-12	0.000000000048	900	1.0E+10	1E-30	1.0E-10	1.0E+10	1E-30	1.0E-10	1.0E+10	1E-30	1.0E-10	1.0E+10	1E-30	1.0E-10	1.0E+10	1E-30	1.0E-10	1.0E+10	1E-30	1.0E-10	1.0E+10	1E-30	1.0E-10	1.0E+10	1E-30	1.0E-10	1.0E+10	1E-30	1.0E-10	1.0E+10	1E-30	1.0E-10	1.0E+10	1E-30	1.0E-10	1.0E+10	1E-30	1.0E-10	1.0E+10	1E-30	1.0E-10
4	0.0000000000011	1.0E+10	1.0E+10	1E-30	0.000000000294	1.0E+10	1E-30	1.0E+10	0.175	1E-30	2.74715817555163E-12	0.172609038851243	4.27739005104487E-12	5.80578884445741E-11	1.0E+10	1.17942333104507E-09	2.90384643809108E-13	0.67076938477357	1.0E+10	1E-30	1.0E-10	1.0E+10	1E-30	1.0E-10	1.0E+10	1E-30	1.0E-10	1.0E+10	1E-30	1.0E-10	1.0E+10	1E-30	1.0E-10	1.0E+10	1E-30	1.0E-10	1.0E+10	1E-30	1.0E-10	1.0E+10	1E-30	1.0E-10	1.0E+10	1E-30	1.0E-10	1.0E+10	1E-30	1.0E-10	1.0E+10	1E-30	1.0E-10	1.0E+10	1E-30	1.0E-10
5	0.0000000000012	1.0E+10	1.0E+10	1E-30	0.000000000272	1.0E+10	1E-30	1.0E+10	0.17	4.23077056066011E-12	5.86976369568827E-11	1.0E+10	8.07475365885627E-10	4.34183314753907E-13	0.191129132291529	1.0E+10	1E-30	1.0E-10	1.0E+10	1E-30	1.0E-10	1.0E+10	1E-30	1.0E-10	1.0E+10	1E-30	1.0E-10	1.0E+10	1E-30	1.0E-10	1.0E+10	1E-30	1.0E-10	1.0E+10	1E-30	1.0E-10	1.0E+10	1E-30	1.0E-10	1.0E+10	1E-30	1.0E-10	1.0E+10	1E-30	1.0E-10	1.0E+10	1E-30	1.0E-10	1.0E+10	1E-30	1.0E-10	1.0E+10	1E-30	1.0E-10
6	0.0000000000013	1.0E+10	1.0E+10	1E-30	0.00000000016	1.0E+10	1E-30	1.0E+10	0.16	1.50621209265835E-12	1.52192010854215E-10	1.0E+10	1.03888551205248E-10	3.37469650769983E-12	1.86882821086022	1.0E+10	1E-30	1.0E-10	1.0E+10	1E-30	1.0E-10	1.0E+10	1E-30	1.0E-10	1.0E+10	1E-30	1.0E-10	1.0E+10	1E-30	1.0E-10	1.0E+10	1E-30	1.0E-10	1.0E+10	1E-30	1.0E-10	1.0E+10	1E-30	1.0E-10	1.0E+10	1E-30	1.0E-10	1.0E+10	1E-30	1.0E-10	1.0E+10	1E-30	1.0E-10	1.0E+10	1E-30	1.0E-10	1.0E+10	1E-30	1.0E-10
7	0.0000000000015	1.0E+10	1.0E+10	1E-30	0.000000000175	1.0E+10	1E-30	1.0E+10	0.18	1.226536909738E-12	2.0860487183304E-10	1.0E+10	7.93215288762962E-11	4.43523555847542E-12	2.00645329643231	1.0E+10	1E-30	1.0E-10	1.0E+10	1E-30	1.0E-10	1.0E+10	1E-30	1.0E-10	1.0E+10	1E-30	1.0E-10	1.0E+10	1E-30	1.0E-10	1.0E+10	1E-30	1.0E-10	1.0E+10	1E-30	1.0E-10	1.0E+10	1E-30	1.0E-10	1.0E+10	1E-30	1.0E-10	1.0E+10	1E-30	1.0E-10	1.0E+10	1E-30	1.0E-10	1.0E+10	1E-30	1.0E-10	1.0E+10	1E-30	1.0E-10
8	0.0000000000015	1.0E+10	1.0E+10	1E-30	0.000000000175	1.0E+10	1E-30	1.0E+10	0.18	1.226536909738E-12	2.0860487183304E-10	1.0E+10	7.93215288762962E-11	4.43523555847542E-12	2.00645329643231	1.0E+10	1E-30	1.0E-10	1.0E+10	1E-30	1.0E-10	1.0E+10	1E-30	1.0E-10	1.0E+10	1E-30	1.0E-10	1.0E+10	1E-30	1.0E-10	1.0E+10	1E-30	1.0E-10	1.0E+10	1E-30	1.0E-10	1.0E+10	1E-30	1.0E-10	1.0E+10	1E-30	1.0E-10	1.0E+10	1E-30	1.0E-10	1.0E+10	1E-30	1.0E-10	1.0E+10	1E-30	1.0E-10	1.0E+10	1E-30	1.0E-10
9	0.0000000000015	1.0E+10	1.0E+10	1E-30	0.00000000035	1.0E+10	1E-30	1.0E+10	0.11	0.0000000000088	0.000000000035	1.0E+10	1.31787826364449E-10	2.46101315050276E-12	0.30965652058255	1.0E+10	1E-30	1.0E-10	1.0E+10	1E-30	1.0E-10	1.0E+10	1E-30	1.0E-10	1.0E+10	1E-30	1.0E-10	1.0E+10	1E-30	1.0E-10	1.0E+10	1E-30	1.0E-10	1.0E+10	1E-30	1.0E-10	1.0E+10	1E-30	1.0E-10	1.0E+10	1E-30	1.0E-10	1.0E+10	1E-30	1.0E-10	1.0E+10	1E-30	1.0E-10	1.0E+10	1E-30	1.0E-10	1.0E+10	1E-30	1.0E-10
10	0.0000000000015	1.0E+10	1.0E+10	1E-30	0.00000000035	1.0E+10	1E-30	1.0E+10	0.11	0.0000000000088	0.000000000035	1.0E+10	1.31787826364449E-10	2.46101315050276E-12	0.30965652058255	1.0E+10	1E-30	1.0E-10	1.0E+10	1E-30	1.0E-10	1.0E+10	1E-30	1.0E-10	1.0E+10	1E-30	1.0E-10	1.0E+10	1E-30	1.0E-10	1.0E+10	1E-30	1.0E-10	1.0E+10	1E-30	1.0E-10	1.0E+10	1E-30	1.0E-10	1.0E+10	1E-30	1.0E-10	1.0E+10	1E-30	1.0E-10	1.0E+10	1E-30	1.0E-10	1.0E+10	1E-30	1.0E-10	1.0E+10	1E-30	1.0E-10
11	0.0000000000016	1.0E+10	1.0E+10	1E-30	0.000000000213	1.0E+10	1E-30	1.0E+10	0.125	1.99892039598815E-12	1.24235179607906E-10	1.0E+10	1.90153235216793E-10	1.84373581939132E-12	0.392335578667752	1.0E+10	1E-30	1.0E-10	1.0E+10	1E-30	1.0E-10	1.0E+10	1E-30	1.0E-10	1.0E+10	1E-30	1.0E-10	1.0E+10	1E-30	1.0E-10	1.0E+10	1E-30	1.0E-10	1.0E+10	1E-30	1.0E-10	1.0E+10	1E-30	1.0E-10	1.0E+10	1E-30	1.0E-10	1.0E+10	1E-30	1.0E-10	1.0E+10	1E-30	1.0E-10	1.0E+10	1E-30	1.0E-10	1.0E+10	1E-30	1.0E-10
12	0.0000000000018	1.0E+10	1.0E+10	1E-30	0.000000000159	1.0E+10	1E-30	1.0E+10	0.12	1.37122368493151E-12	1.81105560782302E-10	1.0E+10	1.35228890921395E-10	2.59258453244384E-12	0.551685953097782	1.0E+10	1E-30	1.0E-10	1.0E+10	1E-30	1.0E-10	1.0E+10	1E-30	1.0E-10	1.0E+10	1E-30	1.0E-10	1.0E+10	1E-30	1.0E-10	1.0E+10	1E-30	1.0E-10	1.0E+10	1E-30	1.0E-10	1.0E+10	1E-30	1.0E-10	1.0E+10	1E-30	1.0E-10	1.0E+10	1E-30	1.0E-10	1.0E+10	1E-30	1.0E-10	1.0E+10	1E-30	1.0E-10	1.0E+10	1E-30	1.0E-10
13	0.000000000002	1.0E+10	1.0E+10	1E-30	0.000000000189	1.0E+10	1E-30	1.0E+10	0.11	1.51576136277996E-12	2.06311963267272E-10	1400	1.0E+10	1E-30	1.0E-10	1.0E+10	1E-30	1.0E-10	1.0E+10	1E-30	1.0E-10	1.0E+10	1E-30	1.0E-10	1.0E+10	1E-30	1.0E-10	1.0E+10	1E-30	1.0E-10	1.0E+10	1E-30	1.0E-10	1.0E+10	1E-30	1.0E-10	1.0E+10	1E-30	1.0E-10	1.0E+10	1E-30	1.0E-10	1.0E+10	1E-30	1.0E-10	1.0E+10	1E-30	1.0E-10	1.0E+10	1E-30	1.0E-10	1.0E+10	1E-30	1.0E-10
14	0.000000000002	1.0E+10	1.0E+10	1E-30	0.000000000189	1.0E+10	1E-30	1.0E+10	0.11	1.51576136277996E-12	2.06311963267272E-10	1400	1.0E+10	1E-30	1.0E-10	1.0E+10	1E-30	1.0E-10	1.0E+10	1E-30	1.0E-10	1.0E+10	1E-30	1.0E-10	1.0E+10	1E-30	1.0E-10	1.0E+10	1E-30	1.0E-10	1.0E+10	1E-30	1.0E-10	1.0E+10	1E-30	1.0E-10	1.0E+10	1E-30	1.0E-10	1.0E+10	1E-30	1.0E-10	1.0E+10	1E-30	1.0E-10	1.0E+10	1E-30	1.0E-10	1.0E+10	1E-30	1.0E-10	1.0E+10	1E-30	1.0E-10
15	0.000000000002	1.0E+10	1.0E+10	1E-30	0.000000000333	1.0E+10	1E-30	1.0E+10	0.08	0.0000000000075	0.000000000044	1.0E+10	3.44818254234561E-11	9.31640407912824E-12	3.84634855070712	1.0E+10	1E-30	1.0E-10	1.0E+10	1E-30	1.0E-10	1.0E+10	1E-30	1.0E-10	1.0E+10	1E-30	1.0E-10	1.0E+10	1E-30	1.0E-10	1.0E+10	1E-30	1.0E-10	1.0E+10	1E-30	1.0E-10	1.0E+10	1E-30	1.0E-10	1.0E+10	1E-30	1.0E-10	1.0E+10	1E-30	1.0E-10	1.0E+10	1E-30	1.0E-10	1.0E+10	1E-30	1.0E-10	1.0E+10	1E-30	1.0E-10
16	0.000000000002	1.0E+10	1.0E+10	1E-30	0.000000000333	1.0E+10	1E-30	1.0E+10	0.08	0.0000000000075	0.000000000044	1.0E+10	3.44818254234561E-11	9.31640407912824E-12	3.84634855070712	1.0E+10	1E-30	1.0E-10	1.0E+10	1E-30	1.0E-10	1.0E+10	1E-30	1.0E-10	1.0E+10	1E-30	1.0E-10	1.0E+10	1E-30	1.0E-10	1.0E+10	1E-30	1.0E-10	1.0E+10	1E-30	1.0E-10	1.0E+10	1E-30	1.0E-10	1.0E+10	1E-30	1.0E-10	1.0E+10	1E-30	1.0E-10	1.0E+10	1E-30	1.0E-10	1.0E+10	1E-30	1.0E-10	1.0E+10	1E-30	1.0E-10
17	0.0000000000022	1.0E+10	1.0E+10	1E-30	0.000000000229	1.0E+10	1E-30	1.0E+10	0.1	1.54733972450454E-12	2.02101515037327E-10	1600	1.0E+10	1E-30	1.0E-10	1.0E+10	1E-30	1.0E-10	1.0E+10	1E-30	1.0E-10	1.0E+10	1E-30	1.0E-10	1.0E+10	1E-30	1.0E-10	1.0E+10	1E-30	1.0E-10	1.0E+10	1E-30	1.0E-10	1.0E+10	1E-30	1.0E-10	1.0E+10	1E-30	1.0E-10	1.0E+10	1E-30	1.0E-10	1.0E+10	1E-30	1.0E-10	1.0E+10	1E-30	1.0E-10	1.0E+10	1E-30	1.0E-10	1.0E+10	1E-30	1.0E-10
18	0.0000000000022	1.0E+10	1.0E+10	1E-30	0.000000000229	1.0E+10	1E-30	1.0E+10	0.1	1.54733972450454E-12	2.02101515037327E-10	1600	1.0E+10	1E-30	1.0E-10	1.0E+10	1E-30	1.0E-10	1.0E+10	1E-30	1.0E-10	1.0E+10	1E-30	1.0E-10	1.0E+10	1E-30	1.0E-10	1.0E+10	1E-30	1.0E-10	1.0E+10	1E-30	1.0E-10	1.0E+10	1E-30	1.0E-10	1.0E+10	1E-30	1.0E-10	1.0E+10	1E-30	1.0E-10	1.0E+10	1E-30	1.0E-10	1.0E+10	1E-30	1.0E-10	1.0E+10	1E-30	1.0E-10	1.0E+10	1E-30	1.0E-10
19	0.0000000000022	1.0E+10	1.0E+10	1E-30	0.000000000159	1.0E+10	1E-30	1.0E+10	0.07	1E-30	3.82523357128637E-12	0.14420790822982	1.675315190441E-12	1.675315190441E-10	1200	1.0E+10	1E-30	1.0E-10	1.0E+10	1E-30	1.0E-10	1.0E+10	1E-30	1.0E-10	1.0E+10	1E-30	1.0E-10	1.0E+10	1E-30	1.0E-10	1.0E+10	1E-30	1.0E-10	1.0E+10	1E-30	1.0E-10	1.0E+10	1E-30	1.0E-10	1.0E+10	1E-30	1.0E-10	1.0E+10	1E-30	1.0E-10	1.0E+10	1E-30	1.0E-10	1.0E+10	1E-30	1.0E-10	1.0E+10	1E-30	1.0E-10
20	0.0000000000022	1.0E+10	1.0E+10	1E-30	0.000000000159	1.0E+10	1E-30	1.0E+10	0.07	1E-30	3.82523357128637E-12	0.14420790822982	1.675315190441E-12	1.675315190441E-10	1200	1.0E+10	1E-30	1.0E-10	1.0E+10	1E-30	1.0E-10	1.0E+10	1E-30	1.0E-10	1.0E+10	1E-30	1.0E-10	1.0E+10	1E-30	1.0E-10	1.0E+10	1E-30	1.0E-10	1.0E+10	1E-30	1.0E-10	1.0E+10	1E-30	1.0E-10	1.0E+10	1E-30	1.0E-10	1.0E+10	1E-30	1.0E-10	1.0E+10	1E-30	1.0E-10	1.0E+10	1E-30	1.0E-10	1.0E+10	1E-30	1.0E-10
21	0.0000000000024	1.0E+10	1.0E+10	1E-30	0.000000000196	1.0E+10	1E-30	1.0E+10	0.08	2.08030907007479E-12	1.43249618812785E-10	1.0E+10	9.67895325325073E-11	3.62221328865904E-12	0.633105762433768	1.0E+10	1E-30	1.0E-10	1.0E+10	1E-30	1.0E-10	1.0E+10	1E-30	1.0E-10	1.0E+10	1E-30	1.0E-10	1.0E+10	1E-30	1.0E-10	1.0E+10	1E-30	1.0E-10	1.0E+10	1E-30	1.0E-10	1.0E+10	1E-30	1.0E-10	1.0E+10	1E-30	1.0E-10	1.0E+10	1E-30	1.0E-10	1.0E+10	1E-30	1.0E-10	1.0E+10	1E-30	1.0E-10	1.0E+10	1E-30	1.0E-10
22	0.0000000000027	1.0E+10	1.0E+10	1E-30	0.000000000253	1.0E+10	1E-30	1.0E+10	0.07	3.44406819150599E-12	9.6140657156541E-11	1.0E+10	2.94586386251961E-11	1.19011721961409E-11	5.23894087544507	1.0E+10	1E-30	1.0E-10	1.0E+10	1E-30	1.0E-10	1.0E+10	1E-30	1.0E-10	1.0E+10	1E-30	1.0E-10	1.0E+10	1E-30	1.0E-10	1.0E+10	1E-30	1.0E-10	1.0E+10	1E-30	1.0E-10	1.0E+10	1E-30	1.0E-10	1.0E+10	1E-30	1.0E-10	1.0E+10	1E-30	1.0E-10	1.0E+10	1E-30	1.0E-10	1.0E+10	1E-30	1.0E-10	1.0E+10	1E-30	1.0E-10
23	0.000000000003	1.0E+10	1.0E+10	1E-30	0.000000000146	1.0E+10	1E-30	1.0E+10	0.09	1.39609599203417E-12	2.0103782285292E-10	1200	4.4732376790718E-12	8.94722064683859E-11	671.308718652118	1.0E+10	1E-30	1.0E-10	1.0E+10	1E-30	1.0E-10	1.0E+10	1E-30	1.0E-10	1.0E+10	1E-30	1.0E-10	1.0E+10	1E-30	1.0E-10	1.0E+10	1E-30	1.0E-10	1.0E+10	1E-30	1.0E-10	1.0E+10	1E-30	1.0E-10	1.0E+10	1E-30	1.0E-10	1.0E+10	1E-30	1.0E-10	1.0E+10	1E-30	1.0E-10	1.0E+10	1E-30	1.0E-10	1.0E+10	1E-30	1.0E-10
24	0.000000000003	1.0E+10	1.0E+10	1E-30	0.000000000146	1.0E+10	1E-30	1.0E+10	0.09	1.39609599203417E-12	2.0103782285292E-10	1200	4.4732376790718E-12	8.94722064683859E-11	671.308718652118	1.0E+10	1E-30	1.0E-10	1.0E+10	1E-30	1.0E-10	1.0E+10	1E-30	1.0E-10	1.0E+10	1E-30	1.0E-10	1.0E+10	1E-30	1.0E-10	1.0E+10	1E-30	1.0E-10	1.0E+10	1E-30	1.0E-10	1.0E+10	1E-30	1.0E-10	1.0E+10	1E-30	1.0E-10	1.0E+10	1E-30	1.0E-10	1.0E+10	1E-30	1.0E-10	1.0E+10	1E-30	1.0E-10	1.0E+10	1E-30	1.0E-10
25	0.000000000003	1.0E+10	1.0E+10	1E-30	0.000000000182	1.0E+10	1E-30	1.0E+10	0.05	1E-30	6.37596718215448E-12	0.367013963300132	2.20143708673792E-12	1.60008715573389E-10	2409.86435710102	1.0E+10	1E-30	1.0E-10	1.0E+10	1E-30	1.0E-10	1.0E+10	1E-30	1.0E-10	1.0E+10	1E-30	1.0E-10	1.0E+10	1E-30	1.0E-10	1.0E+10	1E-30	1.0E-10	1.0E+10	1E-30	1.0E-10	1.0E+10	1E-30	1.0E-10	1.0E+10	1E-30	1.0E-10	1.0E+10	1E-30	1.0E-10	1.0E+10	1E-30	1.0E-10	1.0E+10	1E-30	1.0E-10	1.0E+10	1E-30	1.0E-10
26	0.000000000003	1.0E+10	1.0E+10	1E-30	0.000000000182	1.0E+10	1E-30	1.0E+10	0.05	1E-30	6.37596718215448E-12	0.367013963300132	2.20143708673792E-12	1.60008715573389E-10	2409.86435710102	1.0E+10	1E-30	1.0E-10	1.0E+10	1E-30	1.0E-10	1.0E+10	1E-30	1.0E-10	1.0E+10	1E-30	1.0E-10	1.0E+10	1E-30	1.0E-10	1.0E+10	1E-30	1.0E-10	1.0E+10	1E-30	1.0E-10	1.0E+10	1E-30	1.0E-10	1.0E+10	1E-30	1.0E-10	1.0E+10	1E-30	1.0E-10	1.0E+10	1E-30	1.0E-10	1.0E+10	1E-30	1.0E-10	1.0E+10	1E-30	1.0E-10
27	0.0000000000033	1.0E+10	1.0E+10	1E-30	0.000000000019	1.0E+10	1E-30	1.0E+10	0.08	8.66149350159975E-13	3.04505630915616E-10	1500	5.08418417138983E-12	8.30586779295455E-11	447.198993491301	1.0E+10	1E-30	1.0E-10	1.0E+10	1E-30	1.0E-10	1.0E+10	1E-30	1.0E-10	1.0E+10	1E-30	1.0E-10	1.0E+10	1E-30	1.0E-10	1.0E+10	1E-30	1.0E-10	1.0E+10	1E-30	1.0E-10	1.0E+10	1E-30	1.0E-10	1.0E+10	1E-30	1.0E-10	1.0E+10	1E-30	1.0E-10	1.0E+10	1E-30	1.0E-10	1.0E+10	1E-30	1.0E-10	1.0E+10	1E-30	1.0E-10
28	0.0000000000033	1.0E+10	1.0E+10	1E-30	0.000000000019	1.0E+10	1E-30	1.0E+10	0.08	8.66149350159975E-13	3.04505630915616E-10	1500	5.08418417138983E-12	8.30586779295455E-11	447.198993491301	1.0E+10	1E-30	1.0E-10	1.0E+10	1E-30	1.0E-10	1.0E+10	1E-30	1.0E-10	1.0E+10	1E-30	1.0E-10	1.0E+10	1E-30	1.0E-10	1.0E+10	1E-30	1.0E-10	1.0E+10	1E-30	1.0E-10	1.0E+10	1E-30	1.0E-10	1.0E+10	1E-30	1.0E-10	1.0E+10	1E-30	1.0E-10	1.0E+10	1E-30	1.0E-10	1.0E+10	1E-30	1.0E-10	1.0E+10	1E-30	1.0E-10
29	0.0000000000033	1.0E+10	1.0E+10	1E-30	0.00000000025	1.0E+10	1E-30	1.0E+10	0.05	1E-30	4.21711323940516E-12	0.156417207156496	3.26128824383791E-12	1.13100177761421E-10	739.412879634822	1.0E+10	1E-30	1.0E-10	1.0E+10	1E-30	1.0E-10	1.0E+10	1E-30	1.0E-10	1.0E+10	1E-30	1.0E-10	1.0E+10	1E-30	1.0E-10	1.0E+10	1E-30	1.0E-10	1.0E+10	1E-30	1.0E-10	1.0E+10	1E-30	1.0E-10	1.0E+10	1E-30	1.0E-10	1.0E+10	1E-30	1.0E-10	1.0E+10	1E-30	1.0E-10	1.0E+10	1E-30	1.0E-10	1.0E+10	1E-30	1.0E-10
30	0.0000000000033	1.0E+10	1.0E+10	1E-30	0.00000000025	1.0E+10	1E-30	1.0E+10	0.05	1E-30	4.21711323940516E-12	0.156417207156496	3.26128824383791E-12	1.13100177761421E-10	739.412879634822	1.0E+10	1E-30	1.0E-10	1.0E+10	1E-30	1.0E-10	1.0E+10	1E-30	1.0E-10	1.0E+10	1E-30	1.0E-10	1.0E+10	1E-30	1.0E-10	1.0E+10	1E-30	1.0E-10	1.0E+10	1E-30	1.0E-10	1.0E+10	1E-30	1.0E-10	1.0E+10	1E-30	1.0E-10	1.0E+10	1E-30	1.0E-10	1.0E+10	1E-30	1.0E-10	1.0E+10	1E-30	1.0E-10	1.0E+10	1E-30	1.0E-10
31	0.0000000000036	1.0E+10	1.0E+10	1E-30	0.000000000288	1.0E+10	1E-30	1.0E+10	0.06	1E-30	2.67781859183763E-12	0.151427073883739	4.10884990679949E-12	9.32693381554173E-11	429.190807912676	1.0E+10	1E-30	1.0E-10	1.0E+10	1E-30	1.0E-10	1.0E+10	1E-30	1.0E-10	1.0E+10	1E-30	1.0E-10	1.0E+10	1E-30	1.0E-10	1.0E+10	1E-30	1.0E-10	1.0E+10	1E-30	1.0E-10	1.0E+10	1E-30	1.0E-10	1.0E+10	1E-30	1.0E-10	1.0E+10	1E-30	1.0E-10	1.0E+10	1E-30	1.0E-10	1.0E+10	1E-30	1.0E-10	1.0E+10	1E-30	1.0E-10
32	0.0000000000039	1.0E+10	1.0E+10	1E-30	0.000000000202	1.0E+10	1E-30	1.0E+10	0.05	1E-30	6.05510429316196E-12	0.456544107938823	0.0000000000029	0.000000000085	1.0E+10	4.51752869923788E-12	9.23983950597458E-11	292.452769199144	1.0E+10	1E-30	1.0E-10	1.0E+10	1E-30	1.0E-10	1.0E+10	1E-30	1.0E-10	1.0E+10	1E-30	1.0E-10	1.0E+10	1E-30	1.0E-10	1.0E+10	1E-30	1.0E-10	1.0E+10	1E-30	1.0E-10	1.0E+10	1E-30	1.0E-10	1.0E+10	1E-30	1.0E-10	1.0E+10	1E-30	1.0E-10	1.0E+10	1E-30	1.0E-10	1.0E+10	1E-30	1.0E-10
33	0.000000000004	1.0E+10	1.0E+10	1E-30	0.000000000196	1.0E+10	1E-30	1.0E+10	0.08	1.64416263524685E-12	1.98943678864869E-10	1100	9.05770920050392E-12	5.43235838144771E-11	251.017337147835	1.0E+10	1E-30	1.0E-10	1.0E+10	1E-30	1.0E-10	1.0E+10	1E-30	1.0E-10	1.0E+10	1E-30	1.0E-10	1.0E+10	1E-30	1.0E-10	1.0E+10	1E-30	1.0E-10	1.0E+10	1E-30	1.0E-10	1.0E+10	1E-30	1.0E-10	1.0E+10	1E-30	1.0E-10	1.0E+10	1E-30	1.0E-10	1.0E+10	1E-30	1.0E-10	1.0E+10	1E-30	1.0E-10	1.0E+10	1E-30	1.0E-10
34	0.000000000004	1.0E+10	1.0E+10	1E-30	0.000000000196	1.0E+10	1E-30	1.0E+10	0.08	1.64416263524685E-12	1.98943678864869E-10	1100	9.05770920050392E-12	5.43235838144771E-11	251.017337147835	1.0E+10	1E-30	1.0E-10	1.0E+10	1E-30	1.0E-10	1.0E+10	1E-30	1.0E-10	1.0E+10	1E-30	1.0E-10	1.0E+10	1E-30	1.0E-10	1.0E+10	1E-30	1.0E-10	1.0E+10	1E-30	1.0E-10	1.0E+10	1E-30	1.0E-10	1.0E+10	1E-30	1.0E-10	1.0E+10	1E-30	1.0E-10	1.0E+10	1E-30	1.0E-10	1.0E+10	1E-30	1.0E-10	1.0E+10	1E-30	1.0E-10
35	0.000000000004	1.0E+10	1.0E+10	1E-30	0.000000000081	1.0E+10	1E-30	1.0E+10	0.045	1E-30	7.37783715020412E-12	0.550229339512734	0.0000000000011	0.00000000018	2000	4.78321166176503E-12	8.82288387779928E-11	391.45478552957	1.0E+10	1E-30	1.0E-10	1.0E+10	1E-30	1.0E-10	1.0E+10	1E-30	1.0E-10	1.0E+10	1E-30	1.0E-10	1.0E+10	1E-30	1.0E-10	1.0E+10	1E-30	1.0E-10	1.0E+10	1E-30	1.0E-10	1.0E+10	1E-30	1.0E-10	1.0E+10	1E-30	1.0E-10	1.0E+10	1E-30	1.0E-10	1.0E+10	1E-30	1.0E-10	1.0E+10	1E-30	1.0E-10
36	0.000000000004	1.0E+10	1.0E+10	1E-30	0.000000000081	1.0E+10	1E-30	1.0E+10	0.045	1E-30	7.37783715020412E-12	0.550229339512734	0.0000000000011	0.00000000018	2000	4.78321166176503E-12	8.82288387779928E-11	391.45478552957	1.0E+10	1E-30	1.0E-10	1.0E+10	1E-30	1.0E-10	1.0E+10	1E-30	1.0E-10	1.0E+10	1E-30	1.0E-10	1.0E+10	1E-30	1.0E-10	1.0E+10	1E-30	1.0E-10	1.0E+10	1E-30	1.0E-10	1.0E+10	1E-30	1.0E-10	1.0E+10	1E-30	1.0E-10	1.0E+10	1E-30	1.0E-10	1.0E+10	1E-30	1.0E-10	1.0E+10	1E-30	1.0E-10
37	0.0000000000043	1.0E+10	1.0E+10	1E-30	0.000000000225	1.0E+10	1E-30	1.0E+10	0.05	1E-30	4.36268627189487E-12	0.230257156780593	4.62049749997758E-12	0.000000000061	267.018702808598	4.77471111757855E-12	9.01925319419659E-11	421.935376444407	1.0E+10	1E-30	1.0E-10	1.0E+10	1E-30	1.0E-10	1.0E+10	1E-30	1.0E-10	1.0E+10	1E-30	1.0E-10	1.0E+10	1E-30	1.0E-10	1.0E+10	1E-30	1.0E-10	1.0E+10	1E-30	1.0E-10	1.0E+10	1E-30	1.0E-10	1.0E+10	1E-30	1.0E-10	1.0E+10	1E-30	1.0E-10	1.0E+10	1E-30	1.0E-10	1.0E+10	1E-30	1.0E-10
38	0.0000000000047	1.0E+10	1.0E+10	1E-30	0.000000000016	1.0E+10	1E-30	1.0E+10	0.06	8.49422449085958E-13	3.76475323694607E-10	2000	1.29782776189009E-11	4.53556789075887E-11	153.289738982881	1.0E+10	1E-30	1.0E-10	1.0E+10	1E-30	1.0E-10	1.0E+10	1E-30	1.0E-10	1.0E+10	1E-30	1.0E-10	1.0E+10	1E-30	1.0E-10	1.0E+10	1E-30	1.0E-10	1.0E+10	1E-30	1.0E-10	1.0E+10	1E-30	1.0E-10	1.0E+10	1E-30	1.0E-10	1.0E+10	1E-30	1.0E-10	1.0E+10	1E-30	1.0E-10	1.0E+10	1E-30	1.0E-10	1.0E+10	1E-30	1.0E-10
39	0.0000000000047	1.0E+10	1.0E+10	1E-30	0.000000000016	1.0E+10	1E-30	1.0E+10	0.06	8.49422449085958E-13	3.76475323694607E-10	2000	1.29782776189009E-11	4.53556789075887E-11	153.289738982881	1.0E+10	1E-30	1.0E-10	1.0E+10	1E-30	1.0E-10	1.0E+10	1E-30	1.0E-10	1.0E+10	1E-30	1.0E-10	1.0E+10	1E-30	1.0E-10	1.0E+10	1E-30	1.0E-10	1.0E+10	1E-30	1.0E-10	1.0E+10	1E-30	1.0E-10	1.0E+10	1E-30	1.0E-10	1.0E+10	1E-30	1.0E-10	1.0E+10	1E-30	1.0E-10	1.0E+10	1E-30	1.0E-10	1.0E+10	1E-30	1.0E-10
40	0.0000000000047	1.0E+10	1.0E+10	1E-30	0.00000000009	1.0E+10	1E-30	1.0E+10	0.04	1E-30	4.28570765760923E-12	0.125663511797401	1.79049310978382E-12	0.000000000145	800	4.2420031588968E-12	1.11687167944662E-10	669.978887038721	1.0E+10	1E-30	1.0E-10	1.0E+10	1E-30	1.0E-10	1.0E+10	1E-30	1.0E-10	1.0E+10	1E-30	1.0E-10	1.0E+10	1E-30	1.0E-10	1.0E+10	1E-30	1.0E-10	1.0E+10	1E-30	1.0E-10	1.0E+10	1E-30	1.0E-10	1.0E+10	1E-30	1.0E-10	1.0E+10	1E-30	1.0E-10	1.0E+10	1E-30	1.0E-10	1.0E+10	1E-30	1.0E-10
41	0.0000000000047	1.0E+10	1.0E+10	1E-30	0.00000000009	1.0E+10	1E-30	1.0E+10	0.04	1E-30	4.28570765760923E-12	0.125663511797401	1.79049310978382E-12	0.000000000145	800	4.2420031588968E-12	1.11687167944662E-10	669.978887038721	1.0E+10	1E-30	1.0E-10	1.0E+10	1E-30	1.0E-10	1.0E+10	1E-30	1.0E-10	1.0E+10	1E-30	1.0E-10	1.0E+10	1E-30	1.0E-10	1.0E+10	1E-30	1.0E-10	1.0E+10	1E-30	1.0E-10	1.0E+10	1E-30	1.0E-10	1.0E+10	1E-30	1.0E-10	1.0E+10	1E-30	1.0E-10	1.0E+10	1E-30	1.0E-10	1.0E+10	1E-30	1.0E-10
42	0.000000000005	1.0E+10	1.0E+10	1E-30	0.000000000126	1.0E+10	1E-30	1.0E+10	0.05	1E-30	4.64884685557519E-12	0.175257397549668	1.01050757518664E-12	3.09467944900908E-10	3500	1.97662653742707E-11	3.17320189598252E-11	115.026384656835	1.0E+10	1E-30	1.0E-10	1.0E+10	1E-30	1.0E-10	1.0E+10	1E-30	1.0E-10	1.0E+10	1E-30	1.0E-10	1.0E+10	1E-30	1.0E-10	1.0E+10	1E-30	1.0E-10	1.0E+10	1E-30	1.0E-10	1.0E+10	1E-30	1.0E-10	1.0E+10	1E-30	1.0E-10	1.0E+10	1E-30	1.0E-10	1.0E+10	1E-30	1.0E-10	1.0E+10	1E-30	1.0E-10
43	0.000000000005	1.0E+10	1.0E+10	1E-30	0.000000000126	1.0E+10	1E-30	1.0E+10	0.05	1E-30	4.64884685557519E-12	0.175257397549668	1.01050757518664E-12	3.09467944900908E-10	3500	1.97662653742707E-11	3.17320189598252E-11	115.026384656835	1.0E+10	1E-30	1.0E-10	1.0E+10	1E-30	1.0E-10	1.0E+10	1E-30	1.0E-10	1.0E+10	1E-30	1.0E-10	1.0E+10	1E-30	1.0E-10	1.0E+10	1E-30	1.0E-10	1.0E+10	1E-30	1.0E-10	1.0E+10	1E-30	1.0E-10	1.0E+10	1E-30	1.0E-10	1.0E+10	1E-30	1.0E-10	1.0E+10	1E-30	1.0E-10	1.0E+10	1E-30	1.0E-10
44	0.000000000005	1.0E+10	1.0E+10	1E-30	1.93880543657815E-10	1.0E+10	1E-30	1.0E+10	0.04	1E-30	5.04786037936382E-12	0.190299853009876	3.01002256438573E-12	9.52389952012672E-11	450	6.48982894104857E-12	7.42594377917817E-11	245.23750092276	1.0E+10	1E-30	1.0E-10	1.0E+10	1E-30	1.0E-10	1.0E+10	1E-30	1.0E-10	1.0E+10	1E-30	1.0E-10	1.0E+10	1E-30	1.0E-10	1.0E+10	1E-30	1.0E-10	1.0E+10	1E-30	1.0E-10	1.0E+10	1E-30	1.0E-10	1.0E+10	1E-30	1.0E-10	1.0E+10	1E-30	1.0E-10	1.0E+10	1E-30	1.0E-10	1.0E+10	1E-30	1.0E-10
45	0.000000000005	1.0E+10	1.0E+10	1E-30	1.93880543657815E-10	1.0E+10	1E-30	1.0E+10	0.04	1E-30	5.04786037936382E-12	0.190299853009876	3.01002256438573E-12	9.52389952012672E-11	450	6.48982894104857E-12	7.42594377917817E-11	245.23750092276	1.0E+10	1E-30	1.0E-10	1.0E+10	1E-30	1.0E-10	1.0E+10	1E-30	1.0E-10	1.0E+10	1E-30	1.0E-10	1.0E+10	1E-30	1.0E-10	1.0E+10	1E-30	1.0E-10	1.0E+10	1E-30	1.0E-10	1.0E+10	1E-30	1.0E-10	1.0E+10	1E-30	1.0E-10	1.0E+10	1E-30	1.0E-10	1.0E+10	1E-30	1.0E-10	1.0E+10	1E-30	1.0E-10
46	0.0000000000051	1.0E+10	1.0E+10	1E-30	0.00000000019	1.0E+10	1E-30	1.0E+10	0.035	1E-30	4.72825239717852E-12	0.17596564779041	1.96303898058363E-12	0.000000000121	1.0E+10	6.93103683872282E-12	7.18890916978464E-11	243.475660311046	1.0E+10	1E-30	1.0E-10	1.0E+10	1E-30	1.0E-10	1.0E+10	1E-30	1.0E-10	1.0E+10	1E-30	1.0E-10	1.0E+10	1E-30	1.0E-10	1.0E+10	1E-30	1.0E-10	1.0E+10	1E-30	1.0E-10	1.0E+10	1E-30	1.0E-10	1.0E+10	1E-30	1.0E-10	1.0E+10	1E-30	1.0E-10	1.0E+10	1E-30	1.0E-10	1.0E+10	1E-30	1.0E-10
47	0.0000000000056	1.0E+10	1.0E+10	1E-30	0.000000000192	1.0E+10	1E-30	1.0E+10	0.035	1E-30	6.64714604984844E-12	0.167061001580338	2.44821089033048E-12	1.10657238229835E-10	1.0E+10	1.44463063721288E-10	2.30711822564938E-12	0.734466601091207	7.44408401295618E-12	7.26455465721253E-11	253.741110378387	1.0E+10	1E-30	1.0E-10	1.0E+10	1E-30	1.0E-10	1.0E+10	1E-30	1.0E-10	1.0E+10	1E-30	1.0E-10	1.0E+10	1E-30	1.0E-10	1.0E+10	1E-30	1.0E-10	1.0E+10	1E-30	1.0E-10	1.0E+10	1E-30	1.0E-10	1.0E+10	1E-30	1.0E-10	1.0E+10	1E-30	1.0E-10	1.0E+10	1E-30	1.0E-10
48	0.000000000006	1.0E+10	1.0E+10	1E-30	0.000000000086	1.0E+10	1E-30	1.0E+10	0.04	1E-30	6.47191559843802E-12	0.243985469984473	8.3283591361536E-13	3.67280637904374E-10	4200	3.16747565710778E-11	2.31111073668703E-11	66.9954922346459	1.0E+10	1E-30	1.0E-10	1.0E+10	1E-30	1.0E-10	1.0E+10	1E-30	1.0E-10	1.0E+10	1E-30	1.0E-10	1.0E+10	1E-30	1.0E-10	1.0E+10	1E-30	1.0E-10	1.0E+10	1E-30	1.0E-10	1.0E+10	1E-30	1.0E-10	1.0E+10	1E-30	1.0E-10	1.0E+10	1E-30	1.0E-10	1.0E+10	1E-30	1.0E-10	1.0E+10	1E-30	1.0E-10
49	0.000000000006	1.0E+10	1.0E+10	1E-30	0.000000000086	1.0E+10	1E-30	1.0E+10	0.04	1E-30	6.47191559843802E-12	0.243985469984473	8.3283591361536E-13	3.67280637904374E-10	4200	3.16747565710778E-11	2.31111073668703E-11	66.9954922346459	1.0E+10	1E-30	1.0E-10	1.0E+10	1E-30	1.0E-10	1.0E+10	1E-30	1.0E-10	1.0E+10	1E-30	1.0E-10	1.0E+10	1E-30	1.0E-10	1.0E+10	1E-30	1.0E-10	1.0E+10	1E-30	1.0E-10	1.0E+10	1E-30	1.0E-10	1.0E+10	1E-30	1.0E-10	1.0E+10	1E-30	1.0E-10	1.0E+10	1E-30	1.0E-10	1.0E+10	1E-30	1.0E-10
50	0.000000000006	1.0E+10	1.0E+10	1E-30	0.000000000145	1.0E+10	1E-30	1.0E+10	0.04	1E-30	3.29110266429396E-12	2.06786079047114E-02	2.16243129200945E-12	1.38395602688605E-10	480	6.73817309460297E-12	8.52680964339765E-11	236.198953124806	1.0E+10	1E-30	1.0E-10	1.0E+10	1E-30	1.0E-10	1.0E+10	1E-30	1.0E-10	1.0E+10	1E-30	1.0E-10	1.0E+10	1E-30	1.0E-10	1.0E+10	1E-30	1.0E-10	1.0E+10	1E-30	1.0E-10	1.0E+10	1E-30	1.0E-10	1.0E+10	1E-30	1.0E-10	1.0E+10	1E-30	1.0E-10	1.0E+10	1E-30	1.0E-10	1.0E+10	1E-30	1.0E-10
51	0.000000000006	1.0E+10	1.0E+10	1E-30	0.000000000145	1.0E+10	1E-30	1.0E+10	0.04	1E-30	3.29110266429396E-12	2.06786079047114E-02	2.16243129200945E-12	1.38395602688605E-10	480	6.73817309460297E-12	8.52680964339765E-11	236.198953124806	1.0E+10	1E-30	1.0E-10	1.0E+10	1E-30	1.0E-10	1.0E+10	1E-30	1.0E-10	1.0E+10	1E-30	1.0E-10	1.0E+10	1E-30	1.0E-10	1.0E+10	1E-30	1.0E-10	1.0E+10	1E-30	1.0E-10	1.0E+10	1E-30	1.0E-10	1.0E+10	1E-30	1.0E-10	1.0E+10	1E-30	1.0E-10	1.0E+10	1E-30	1.0E-10	1.0E+10	1E-30	1.0E-10
52	0.0000000000062	1.0E+10	1.0E+10	1E-30	0.000000000111	1.0E+10	1E-30	1.0E+10	0.03	1E-30	5.17743323983125E-12	0.173497453127525	1.52934666895368E-12	1.77142476083283E-10	1.0E+10	9.1783458511139E-11	3.73146130513385E-12	1.68210947309765	7.52426357602871E-12	7.96800411045917E-11	263.586799107515	1.0E+10	1E-30	1.0E-10	1.0E+10	1E-30	1.0E-10	1.0E+10	1E-30	1.0E-10	1.0E+10	1E-30	1.0E-10	1.0E+10	1E-30	1.0E-10	1.0E+10	1E-30	1.0E-10	1.0E+10	1E-30	1.0E-10	1.0E+10	1E-30	1.0E-10	1.0E+10	1E-30	1.0E-10	1.0E+10	1E-30	1.0E-10	1.0E+10	1E-30	1.0E-10
53	0.0000000000068	1.0E+10	1.0E+10	1E-30	0.000000000071	1.0E+10	1E-30	1.0E+10	0.05	1E-30	5.16981621606364E-12	9.74487398687695E-02	8.3283591361536E-13	3.67280637904374E-10	4200	3.88616543566351E-11	2.10858869517905E-11	51.1927971565889	1.0E+10	1E-30	1.0E-10	1.0E+10	1E-30	1.0E-10	1.0E+10	1E-30	1.0E-10	1.0E+10	1E-30	1.0E-10	1.0E+10	1E-30	1.0E-10	1.0E+10	1E-30	1.0E-10	1.0E+10	1E-30	1.0E-10	1.0E+10	1E-30	1.0E-10	1.0E+10	1E-30	1.0E-10	1.0E+10	1E-30	1.0E-10	1.0E+10	1E-30	1.0E-10	1.0E+10	1E-30	1.0E-10
54	0.0000000000068	1.0E+10	1.0E+10	1E-30	0.000000000071	1.0E+10	1E-30	1.0E+10	0.05	1E-30	5.16981621606364E-12	9.74487398687695E-02	8.3283591361536E-13	3.67280637904374E-10	4200	3.88616543566351E-11	2.10858869517905E-11	51.1927971565889	1.0E+10	1E-30	1.0E-10	1.0E+10	1E-30	1.0E-10	1.0E+10	1E-30	1.0E-10	1.0E+10	1E-30	1.0E-10	1.0E+10	1E-30	1.0E-10	1.0E+10	1E-30	1.0E-10	1.0E+10	1E-30	1.0E-10	1.0E+10	1E-30	1.0E-10	1.0E+10	1E-30	1.0E-10	1.0E+10	1E-30	1.0E-10	1.0E+10	1E-30	1.0E-10	1.0E+10	1E-30	1.0E-10
55	0.0000000000068	1.0E+10	1.0E+10	1E-30	0.000000000069	1.0E+10	1E-30	1.0E+10	0.04	1E-30	5.84204370254307E-12	3.67066431557197E-02	1.5929681202878E-12	1.85980351465228E-10	1.0E+10	1.41973433162365E-11	2.33223196655851E-11	22.420383806579	7.79587058320624E-12	8.45298971422783E-11	255.191099879763	1.0E+10	1E-30	1.0E-10	1.0E+10	1E-30	1.0E-10	1.0E+10	1E-30	1.0E-10	1.0E+10	1E-30	1.0E-10	1.0E+10	1E-30	1.0E-10	1.0E+10	1E-30	1.0E-10	1.0E+10	1E-30	1.0E-10	1.0E+10	1E-30	1.0E-10	1.0E+10	1E-30	1.0E-10	1.0E+10	1E-30	1.0E-10	1.0E+10	1E-30	1.0E-10
56	0.0000000000068	1.0E+10	1.0E+10	1E-30	0.000000000069	1.0E+10	1E-30	1.0E+10	0.04	1E-30	5.84204370254307E-12	3.67066431557197E-02	1.5929681202878E-12	1.85980351465228E-10	1.0E+10	1.41973433162365E-11	2.33223196655851E-11	22.420383806579	7.79587058320624E-12	8.45298971422783E-11	255.191099879763	1.0E+10	1E-30	1.0E-10	1.0E+10	1E-30	1.0E-10	1.0E+10	1E-30	1.0E-10	1.0E+10	1E-30	1.0E-10	1.0E+10	1E-30	1.0E-10	1.0E+10	1E-30	1.0E-10	1.0E+10	1E-30	1.0E-10	1.0E+10	1E-30	1.0E-10	1.0E+10	1E-30	1.0E-10	1.0E+10	1E-30	1.0E-10	1.0E+10	1E-30	1.0E-10
57	0.000000000007	1.0E+10	1.0E+10	1E-30	0.000000000077	1.0E+10	1E-30	1.0E+10	0.05	1E-30	3.96615704342864E-12	0.074760298983713	8.3283591361536E-13	3.67280637904374E-10	4200	3.61684476114612E-11	2.33223558282725E-11	55.0047602269298	1.0E+10	1E-30	1.0E-10	1.0E+10	1E-30	1.0E-10	1.0E+10	1E-30	1.0E-10	1.0E+10	1E-30	1.0E-10	1.0E+10	1E-30	1.0E-10	1.0E+10	1E-30	1.0E-10	1.0E+10	1E-30	1.0E-10	1.0E+10	1E-30	1.0E-10	1.0E+10	1E-30	1.0E-10	1.0E+10	1E-30	1.0E-10	1.0E+10	1E-30	1.0E-10	1.0E+10	1E-30	1.0E-10
58	0.000000000007	1.0E+10	1.0E+10	1E-30	0.000000000077	1.0E+10	1E-30	1.0E+10	0.05	1E-30	3.96615704342864E-12	0.074760298983713	8.3283591361536E-13	3.67280637904374E-10	4200	3.61684476114612E-11	2.33223558282725E-11	55.0047602269298	1.0E+10	1E-30	1.0E-10	1.0E+10	1E-30	1.0E-10	1.0E+10	1E-30	1.0E-10	1.0E+10	1E-30	1.0E-10	1.0E+10	1E-30	1.0E-10	1.0E+10	1E-30	1.0E-10	1.0E+10	1E-30	1.0E-10	1.0E+10	1E-30	1.0E-10	1.0E+10	1E-30	1.0E-10	1.0E+10	1E-30	1.0E-10	1.0E+10	1E-30	1.0E-10	1.0E+10	1E-30	1.0E-10
59	0.000000000007	1.0E+10	1.0E+10	1E-30	7.8924156769382E-11	1.0E+10	1E-30	1.0E+10	0.04	1E-30	3.41787421733168E-12	2.14751370641264E-02	1.60762568779692E-12	1.94522708223428E-10	770	9.70848904789419E-12	7.3825187995538E-11	204.917240863573	1.0E+10	1E-30	1.0E-10	1.0E+10	1E-30	1.0E-10	1.0E+10	1E-30	1.0E-10	1.0E+10	1E-30	1.0E-10	1.0E+10	1E-30	1.0E-10	1.0E+10	1E-30	1.0E-10	1.0E+10	1E-30	1.0E-10	1.0E+10	1E-30	1.0E-10	1.0E+10	1E-30	1.0E-10	1.0E+10	1E-30	1.0E-10	1.0E+10	1E-30	1.0E-10	1.0E+10	1E-30	1.0E-10
60	0.000000000007	1.0E+10	1.0E+10	1E-30	7.8924156769382E-11	1.0E+10	1E-30	1.0E+10	0.04	1E-30	3.41787421733168E-12	2.14751370641264E-02	1.60762568779692E-12	1.94522708223428E-10	770	9.70848904789419E-12	7.3825187995538E-11	204.917240863573	1.0E+10	1E-30	1.0E-10	1.0E+10	1E-30	1.0E-10	1.0E+10	1E-30	1.0E-10	1.0E+10	1E-30	1.0E-10	1.0E+10	1E-30	1.0E-10	1.0E+10	1E-30	1.0E-10	1.0E+10	1E-30	1.0E-10	1.0E+10	1E-30	1.0E-10	1.0E+10	1E-30	1.0E-10	1.0E+10	1E-30	1.0E-10	1.0E+10	1E-30	1.0E-10	1.0E+10	1E-30	1.0E-10
61	0.0000000000075	1.0E+10	1.0E+10	1E-30	0.000000000191	1.0E+10	1E-30	1.0E+10	0.03	1E-30	1.75269471297311E-12	0.033037517005572	1E-30	2.20669703352813E-12	8.31905182707645E-02	2.48153548255473E-12	1.200883418335E-10	1.0E+10	5.10406875353206E-11	6.86887947384588E-12	3.023706644267	1.33870653632057E-11	5.76296040177845E-11	144.463706009507	1.0E+10	1E-30	1.0E-10	1.0E+10	1E-30	1.0E-10	1.0E+10	1E-30	1.0E-10	1.0E+10	1E-30	1.0E-10	1.0E+10	1E-30	1.0E-10	1.0E+10	1E-30	1.0E-10	1.0E+10	1E-30	1.0E-10	1.0E+10	1E-30	1.0E-10	1.0E+10	1E-30	1.0E-10	1.0E+10	1E-30	1.0E-10
62	0.000000000008	1.0E+10	1.0E+10	1E-30	0.000000000035	1.0E+10	1E-30	1.0E+10	0.04	1E-30	5.60931646851321E-12	0.105733124454848	7.49552322253824E-13	4.08089597671527E-10	4200	4.60212948694648E-11	2.06732199236356E-11	43.2286139338658	1.0E+10	1E-30	1.0E-10	1.0E+10	1E-30	1.0E-10	1.0E+10	1E-30	1.0E-10	1.0E+10	1E-30	1.0E-10	1.0E+10	1E-30	1.0E-10	1.0E+10	1E-30	1.0E-10	1.0E+10	1E-30	1.0E-10	1.0E+10	1E-30	1.0E-10	1.0E+10	1E-30	1.0E-10	1.0E+10	1E-30	1.0E-10	1.0E+10	1E-30	1.0E-10	1.0E+10	1E-30	1.0E-10
63	0.000000000008	1.0E+10	1.0E+10	1E-30	0.000000000035	1.0E+10	1E-30	1.0E+10	0.04	1E-30	5.60931646851321E-12	0.105733124454848	7.49552322253824E-13	4.08089597671527E-10	4200	4.60212948694648E-11	2.06732199236356E-11	43.2286139338658	1.0E+10	1E-30	1.0E-10	1.0E+10	1E-30	1.0E-10	1.0E+10	1E-30	1.0E-10	1.0E+10	1E-30	1.0E-10	1.0E+10	1E-30	1.0E-10	1.0E+10	1E-30	1.0E-10	1.0E+10	1E-30	1.0E-10	1.0E+10	1E-30	1.0E-10	1.0E+10	1E-30	1.0E-10	1.0E+10	1E-30	1.0E-10	1.0E+10	1E-30	1.0E-10	1.0E+10	1E-30	1.0E-10
64	0.000000000008	1.0E+10	1.0E+10	1E-30	0.000000000186	1.0E+10	1E-30	1.0E+10	0.04	1E-30	3.38053775219718E-12	2.12405451349712E-02	3.97640821080526E-12	8.32698660875846E-11	1.0E+10	7.93397745195256E-12	4.17337938289499E-11	40.1198375104348	1.42735609463327E-11	5.56143103065413E-11	139.379149753085	1.0E+10	1E-30	1.0E-10	1.0E+10	1E-30	1.0E-10	1.0E+10	1E-30	1.0E-10	1.0E+10	1E-30	1.0E-10	1.0E+10	1E-30	1.0E-10	1.0E+10	1E-30	1.0E-10	1.0E+10	1E-30	1.0E-10	1.0E+10	1E-30	1.0E-10	1.0E+10	1E-30	1.0E-10	1.0E+10	1E-30	1.0E-10	1.0E+10	1E-30	1.0E-10
65	0.000000000008	1.0E+10	1.0E+10	1E-30	0.000000000186	1.0E+10	1E-30	1.0E+10	0.04	1E-30	3.38053775219718E-12	2.12405451349712E-02	3.97640821080526E-12	8.32698660875846E-11	1.0E+10	7.93397745195256E-12	4.17337938289499E-11	40.1198375104348	1.42735609463327E-11	5.56143103065413E-11	139.379149753085	1.0E+10	1E-30	1.0E-10	1.0E+10	1E-30	1.0E-10	1.0E+10	1E-30	1.0E-10	1.0E+10	1E-30	1.0E-10	1.0E+10	1E-30	1.0E-10	1.0E+10	1E-30	1.0E-10	1.0E+10	1E-30	1.0E-10	1.0E+10	1E-30	1.0E-10	1.0E+10	1E-30	1.0E-10	1.0E+10	1E-30	1.0E-10	1.0E+10	1E-30	1.0E-10
66	0.0000000000084	1.0E+10	1.0E+10	1E-30	0.000000000158	1.0E+10	1E-30	1.0E+10	0.04	3.00106938410284E-12	1.04202756609472E-10	1.0E+10	8.49837767647964E-12	3.89621398140176E-11	37.455370695604	1.39779019272057E-11	5.94299643387929E-11	138.338472188276	1.0E+10	1E-30	1.0E-10	1.0E+10	1E-30	1.0E-10	1.0E+10	1E-30	1.0E-10	1.0E+10	1E-30	1.0E-10	1.0E+10	1E-30	1.0E-10	1.0E+10	1E-30	1.0E-10	1.0E+10	1E-30	1.0E-10	1.0E+10	1E-30	1.0E-10	1.0E+10	1E-30	1.0E-10	1.0E+10	1E-30	1.0E-10	1.0E+10	1E-30	1.0E-10	1.0E+10	1E-30	1.0E-10
67	0.000000000009	1.0E+10	1.0E+10	1E-30	8.1654233208009E-11	1.0E+10	1E-30	1.0E+10	0.04	1E-30	4.04622446196923E-12	7.62695342669871E-02	8.25247853069087E-13	3.78940340694989E-10	1500	5.64701221466425E-11	1.89530158314847E-11	40.2627435135647	1.0E+10	1E-30	1.0E-10	1.0E+10	1E-30	1.0E-10	1.0E+10	1E-30	1.0E-10	1.0E+10	1E-30	1.0E-10	1.0E+10	1E-30	1.0E-10	1.0E+10	1E-30	1.0E-10	1.0E+10	1E-30	1.0E-10	1.0E+10	1E-30	1.0E-10	1.0E+10	1E-30	1.0E-10	1.0E+10	1E-30	1.0E-10	1.0E+10	1E-30	1.0E-10	1.0E+10	1E-30	1.0E-10
68	0.000000000009	1.0E+10	1.0E+10	1E-30	8.1654233208009E-11	1.0E+10	1E-30	1.0E+10	0.04	1E-30	4.04622446196923E-12	7.62695342669871E-02	8.25247853069087E-13	3.78940340694989E-10	1500	5.64701221466425E-11	1.89530158314847E-11	40.2627435135647	1.0E+10	1E-30	1.0E-10	1.0E+10	1E-30	1.0E-10	1.0E+10	1E-30	1.0E-10	1.0E+10	1E-30	1.0E-10	1.0E+10	1E-30	1.0E-10	1.0E+10	1E-30	1.0E-10	1.0E+10	1E-30	1.0E-10	1.0E+10	1E-30	1.0E-10	1.0E+10	1E-30	1.0E-10	1.0E+10	1E-30	1.0E-10	1.0E+10	1E-30	1.0E-10	1.0E+10	1E-30	1.0E-10
69	0.000000000009	1.0E+10	1.0E+10	1E-30	0.000000000149	1.0E+10	1E-30	1.0E+10	0.035	1E-30	4.42031194889134E-12	2.77736390904245E-02	1.92915082535631E-12	1.62102256852856E-10	550	1.64259183366554E-11	5.26914094770506E-11	121.115711637818	1.0E+10	1E-30	1.0E-10	1.0E+10	1E-30	1.0E-10	1.0E+10	1E-30	1.0E-10	1.0E+10	1E-30	1.0E-10	1.0E+10	1E-30	1.0E-10	1.0E+10	1E-30	1.0E-10	1.0E+10	1E-30	1.0E-10	1.0E+10	1E-30	1.0E-10	1.0E+10	1E-30	1.0E-10	1.0E+10	1E-30	1.0E-10	1.0E+10	1E-30	1.0E-10	1.0E+10	1E-30	1.0E-10
70	0.000000000009	1.0E+10	1.0E+10	1E-30	0.000000000149	1.0E+10	1E-30	1.0E+10	0.035	1E-30	4.42031194889134E-12	2.77736390904245E-02	1.92915082535631E-12	1.62102256852856E-10	550	1.64259183366554E-11	5.26914094770506E-11	121.115711637818	1.0E+10	1E-30	1.0E-10	1.0E+10	1E-30	1.0E-10	1.0E+10	1E-30	1.0E-10	1.0E+10	1E-30	1.0E-10	1.0E+10	1E-30	1.0E-10	1.0E+10	1E-30	1.0E-10	1.0E+10	1E-30	1.0E-10	1.0E+10	1E-30	1.0E-10	1.0E+10	1E-30	1.0E-10	1.0E+10	1E-30	1.0E-10	1.0E+10	1E-30	1.0E-10	1.0E+10	1E-30	1.0E-10
71	0.00000000001	1.0E+10	1.0E+10	1E-30	6.16643295878723E-11	1.0E+10	1E-30	1.0E+10	4.00949786901818E-02	1E-30	5.60391271933838E-12	9.65277259926266E-02	5.74250007699368E-11	2.06084273570372E-11	38.5439829161844	1.20416509113986E-11	2.81229641320793E-11	38.4200465775131	8.86153290830854E-13	3.70306412401135E-10	100000	1.0E+10	1E-30	1.0E-10	1.0E+10	1E-30	1.0E-10	1.0E+10	1E-30	1.0E-10	1.0E+10	1E-30	1.0E-10	1.0E+10	1E-30	1.0E-10	1.0E+10	1E-30	1.0E-10	1.0E+10	1E-30	1.0E-10	1.0E+10	1E-30	1.0E-10	1.0E+10	1E-30	1.0E-10	1.0E+10	1E-30	1.0E-10	1.0E+10	1E-30	1.0E-10
72	0.00000000001	1.0E+10	1.0E+10	1E-30	6.16643295878723E-11	1.0E+10	1E-30	1.0E+10	4.00949786901818E-02	1E-30	5.60391271933838E-12	9.65277259926266E-02	5.74250007699368E-11	2.06084273570372E-11	38.5439829161844	1.20416509113986E-11	2.81229641320793E-11	38.4200465775131	8.86153290830854E-13	3.70306412401135E-10	100000	1.0E+10	1E-30	1.0E-10	1.0E+10	1E-30	1.0E-10	1.0E+10	1E-30	1.0E-10	1.0E+10	1E-30	1.0E-10	1.0E+10	1E-30	1.0E-10	1.0E+10	1E-30	1.0E-10	1.0E+10	1E-30	1.0E-10	1.0E+10	1E-30	1.0E-10	1.0E+10	1E-30	1.0E-10	1.0E+10	1E-30	1.0E-10	1.0E+10	1E-30	1.0E-10
73	0.00000000001	1.0E+10	1.0E+10	1E-30	5.01187233627272E-11	1.0E+10	1E-30	1.0E+10	3.50831063539091E-02	1E-30	3.11529535406875E-12	5.38691117691052E-02	1.81780017996185E-11	5.50662530007864E-11	113.829825060286	3.82754244996012E-12	9.37746076263689E-11	531.545360013421	1.48184627689809E-12	1.67585692449375E-10	100000	1.0E+10	1E-30	1.0E-10	1.0E+10	1E-30	1.0E-10	1.0E+10	1E-30	1.0E-10	1.0E+10	1E-30	1.0E-10	1.0E+10	1E-30	1.0E-10	1.0E+10	1E-30	1.0E-10	1.0E+10	1E-30	1.0E-10	1.0E+10	1E-30	1.0E-10	1.0E+10	1E-30	1.0E-10	1.0E+10	1E-30	1.0E-10	1.0E+10	1E-30	1.0E-10
74	0.00000000001	1.0E+10	1.0E+10	1E-30	5.01187233627272E-11	1.0E+10	1E-30	1.0E+10	3.50831063539091E-02	1E-30	3.11529535406875E-12	5.38691117691052E-02	1.81780017996185E-11	5.50662530007864E-11	113.829825060286	3.82754244996012E-12	9.37746076263689E-11	531.545360013421	1.48184627689809E-12	1.67585692449375E-10	100000	1.0E+10	1E-30	1.0E-10	1.0E+10	1E-30	1.0E-10	1.0E+10	1E-30	1.0E-10	1.0E+10	1E-30	1.0E-10	1.0E+10	1E-30	1.0E-10	1.0E+10	1E-30	1.0E-10	1.0E+10	1E-30	1.0E-10	1.0E+10	1E-30	1.0E-10	1.0E+10	1E-30	1.0E-10	1.0E+10	1E-30	1.0E-10	1.0E+10	1E-30	1.0E-10
75	0.000000000012	1.0E+10	1.0E+10	1E-30	2.15582102390457E-10	1.0E+10	1E-30	1.0E+10	3.94537306894319E-02	1E-30	2.71920241111269E-12	0.238345603713194	1E-30	3.33027604308349E-12	5.44711693782992E-02	2.00905569456413E-11	5.44344788802305E-11	107.94840250332	7.81089533326086E-12	5.57660677240267E-11	170.713802049139	1.58150694895181E-10	1.85842075506421E-12	1.07755651516276	4.95806287821383E-12	5.88475059285885E-11	100000	1.0E+10	1E-30	1.0E-10	1.0E+10	1E-30	1.0E-10	1.0E+10	1E-30	1.0E-10	1.0E+10	1E-30	1.0E-10	1.0E+10	1E-30	1.0E-10	1.0E+10	1E-30	1.0E-10	1.0E+10	1E-30	1.0E-10	1.0E+10	1E-30	1.0E-10	1.0E+10	1E-30	1.0E-10
76	0.000000000012	1.0E+10	1.0E+10	1E-30	2.15582102390457E-10	1.0E+10	1E-30	1.0E+10	3.94537306894319E-02	1E-30	2.71920241111269E-12	0.238345603713194	1E-30	3.33027604308349E-12	5.44711693782992E-02	2.00905569456413E-11	5.44344788802305E-11	107.94840250332	7.81089533326086E-12	5.57660677240267E-11	170.713802049139	1.58150694895181E-10	1.85842075506421E-12	1.07755651516276	4.95806287821383E-12	5.88475059285885E-11	100000	1.0E+10	1E-30	1.0E-10	1.0E+10	1E-30	1.0E-10	1.0E+10	1E-30	1.0E-10	1.0E+10	1E-30	1.0E-10	1.0E+10	1E-30	1.0E-10	1.0E+10	1E-30	1.0E-10	1.0E+10	1E-30	1.0E-10	1.0E+10	1E-30	1.0E-10	1.0E+10	1E-30	1.0E-10
77	0.000000000015	1.0E+10	1.0E+10	1E-30	4.40623894127958E-12	1.0E+10	1E-30	1.0E+10	0.045	1E-30	6.19518392718065E-12	5.99791419884018E-02	1.10412030197262E-10	1.59044817969188E-11	19.4333097676925	2.20166756603389E-11	1.61929912356631E-11	10.3626047356398	7.43299718757528E-13	4.51758277383096E-10	100000	1.0E+10	1E-30	1.0E-10	1.0E+10	1E-30	1.0E-10	1.0E+10	1E-30	1.0E-10	1.0E+10	1E-30	1.0E-10	1.0E+10	1E-30	1.0E-10	1.0E+10	1E-30	1.0E-10	1.0E+10	1E-30	1.0E-10	1.0E+10	1E-30	1.0E-10	1.0E+10	1E-30	1.0E-10	1.0E+10	1E-30	1.0E-10	1.0E+10	1E-30	1.0E-10
78	0.000000000015	1.0E+10	1.0E+10	1E-30	4.40623894127958E-12	1.0E+10	1E-30	1.0E+10	0.045	1E-30	6.19518392718065E-12	5.99791419884018E-02	1.10412030197262E-10	1.59044817969188E-11	19.4333097676925	2.20166756603389E-11	1.61929912356631E-11	10.3626047356398	7.43299718757528E-13	4.51758277383096E-10	100000	1.0E+10	1E-30	1.0E-10	1.0E+10	1E-30	1.0E-10	1.0E+10	1E-30	1.0E-10	1.0E+10	1E-30	1.0E-10	1.0E+10	1E-30	1.0E-10	1.0E+10	1E-30	1.0E-10	1.0E+10	1E-30	1.0E-10	1.0E+10	1E-30	1.0E-10	1.0E+10	1E-30	1.0E-10	1.0E+10	1E-30	1.0E-10	1.0E+10	1E-30	1.0E-10
79	0.000000000015	1.0E+10	1.0E+10	1E-30	7.31253645798914E-11	1.0E+10	1E-30	1.0E+10	3.73301720318796E-02	1E-30	1.9024827268597E-12	2.16925043847841E-02	2.40735370013965E-11	5.68806406319377E-11	81.9808148260179	8.32123467506602E-12	6.55286566587964E-11	173.69510293557	5.49654263325925E-11	6.06369111426143E-12	1.93036427576441	1.34866887088081E-12	1.84134326652996E-10	100000	1.0E+10	1E-30	1.0E-10	1.0E+10	1E-30	1.0E-10	1.0E+10	1E-30	1.0E-10	1.0E+10	1E-30	1.0E-10	1.0E+10	1E-30	1.0E-10	1.0E+10	1E-30	1.0E-10	1.0E+10	1E-30	1.0E-10	1.0E+10	1E-30	1.0E-10	1.0E+10	1E-30	1.0E-10	1.0E+10	1E-30	1.0E-10
80	0.000000000015	1.0E+10	1.0E+10	1E-30	7.31253645798914E-11	1.0E+10	1E-30	1.0E+10	3.73301720318796E-02	1E-30	1.9024827268597E-12	2.16925043847841E-02	2.40735370013965E-11	5.68806406319377E-11	81.9808148260179	8.32123467506602E-12	6.55286566587964E-11	173.69510293557	5.49654263325925E-11	6.06369111426143E-12	1.93036427576441	1.34866887088081E-12	1.84134326652996E-10	100000	1.0E+10	1E-30	1.0E-10	1.0E+10	1E-30	1.0E-10	1.0E+10	1E-30	1.0E-10	1.0E+10	1E-30	1.0E-10	1.0E+10	1E-30	1.0E-10	1.0E+10	1E-30	1.0E-10	1.0E+10	1E-30	1.0E-10	1.0E+10	1E-30	1.0E-10	1.0E+10	1E-30	1.0E-10	1.0E+10	1E-30	1.0E-10
81	0.000000000018	1.0E+10	1.0E+10	1E-30	8.31306660011986E-11	1.0E+10	1E-30	1.0E+10	0.03	1E-30	7.78617399382631E-12	4.89219740371533E-02	3.59388358252323E-11	4.51627169991995E-11	81.5662985706444	1.21323588726644E-11	5.34444403224135E-11	95.2446509429518	1.90314862582883E-11	1.72142535776085E-11	19.2014300070512	1.3022934859802E-12	1.84782212138657E-10	100000	1.0E+10	1E-30	1.0E-10	1.0E+10	1E-30	1.0E-10	1.0E+10	1E-30	1.0E-10	1.0E+10	1E-30	1.0E-10	1.0E+10	1E-30	1.0E-10	1.0E+10	1E-30	1.0E-10	1.0E+10	1E-30	1.0E-10	1.0E+10	1E-30	1.0E-10	1.0E+10	1E-30	1.0E-10	1.0E+10	1E-30	1.0E-10
82	0.000000000018	1.0E+10	1.0E+10	1E-30	8.31306660011986E-11	1.0E+10	1E-30	1.0E+10	0.03	1E-30	7.78617399382631E-12	4.89219740371533E-02	3.59388358252323E-11	4.51627169991995E-11	81.5662985706444	1.21323588726644E-11	5.34444403224135E-11	95.2446509429518	1.90314862582883E-11	1.72142535776085E-11	19.2014300070512	1.3022934859802E-12	1.84782212138657E-10	100000	1.0E+10	1E-30	1.0E-10	1.0E+10	1E-30	1.0E-10	1.0E+10	1E-30	1.0E-10	1.0E+10	1E-30	1.0E-10	1.0E+10	1E-30	1.0E-10	1.0E+10	1E-30	1.0E-10	1.0E+10	1E-30	1.0E-10	1.0E+10	1E-30	1.0E-10	1.0E+10	1E-30	1.0E-10	1.0E+10	1E-30	1.0E-10
83	0.00000000002	1.0E+10	1.0E+10	1E-30	2.70022686729015E-10	1.0E+10	1E-30	1.0E+10	3.55468417718208E-02	1E-30	5.78611100041958E-12	3.63552076235465E-02	3.69256252305023E-11	5.09679500461763E-11	86.3765994875439	1.73572715032969E-11	4.2712850675103E-11	85.5556729501026	1.10264059221827E-11	3.32935491285724E-11	123.235521993696	1.0E+10	1E-30	1.0E-10	1.0E+10	1E-30	1.0E-10	1.0E+10	1E-30	1.0E-10	1.0E+10	1E-30	1.0E-10	1.0E+10	1E-30	1.0E-10	1.0E+10	1E-30	1.0E-10	1.0E+10	1E-30	1.0E-10	1.0E+10	1E-30	1.0E-10	1.0E+10	1E-30	1.0E-10	1.0E+10	1E-30	1.0E-10	1.0E+10	1E-30	1.0E-10
84	0.00000000002	1.0E+10	1.0E+10	1E-30	2.70022686729015E-10	1.0E+10	1E-30	1.0E+10	3.55468417718208E-02	1E-30	5.78611100041958E-12	3.63552076235465E-02	3.69256252305023E-11	5.09679500461763E-11	86.3765994875439	1.73572715032969E-11	4.2712850675103E-11	85.5556729501026	1.10264059221827E-11	3.32935491285724E-11	123.235521993696	1.0E+10	1E-30	1.0E-10	1.0E+10	1E-30	1.0E-10	1.0E+10	1E-30	1.0E-10	1.0E+10	1E-30	1.0E-10	1.0E+10	1E-30	1.0E-10	1.0E+10	1E-30	1.0E-10	1.0E+10	1E-30	1.0E-10	1.0E+10	1E-30	1.0E-10	1.0E+10	1E-30	1.0E-10	1.0E+10	1E-30	1.0E-10	1.0E+10	1E-30	1.0E-10
85	0.000000000022	1.0E+10	1.0E+10	1E-30	4.50887343092597E-11	1.0E+10	1E-30	1.0E+10	0.043984425164709	1E-30	3.31006969437516E-12	3.67963600064445E-02	4.1779078271438E-11	4.94925065177314E-11	62.0023989056512	1.48511503142744E-11	5.55583498107337E-11	112.783581626988	1.12601686517711E-11	3.57644872139694E-11	100.827282576309	1.30695975334639E-12	1.98965545731766E-10	100000	1.0E+10	1E-30	1.0E-10	1.0E+10	1E-30	1.0E-10	1.0E+10	1E-30	1.0E-10	1.0E+10	1E-30	1.0E-10	1.0E+10	1E-30	1.0E-10	1.0E+10	1E-30	1.0E-10	1.0E+10	1E-30	1.0E-10	1.0E+10	1E-30	1.0E-10	1.0E+10	1E-30	1.0E-10	1.0E+10	1E-30	1.0E-10
86	0.000000000022	1.0E+10	1.0E+10	1E-30	4.50887343092597E-11	1.0E+10	1E-30	1.0E+10	0.043984425164709	1E-30	3.31006969437516E-12	3.67963600064445E-02	4.1779078271438E-11	4.94925065177314E-11	62.0023989056512	1.48511503142744E-11	5.55583498107337E-11	112.783581626988	1.12601686517711E-11	3.57644872139694E-11	100.827282576309	1.30695975334639E-12	1.98965545731766E-10	100000	1.0E+10	1E-30	1.0E-10	1.0E+10	1E-30	1.0E-10	1.0E+10	1E-30	1.0E-10	1.0E+10	1E-30	1.0E-10	1.0E+10	1E-30	1.0E-10	1.0E+10	1E-30	1.0E-10	1.0E+10	1E-30	1.0E-10	1.0E+10	1E-30	1.0E-10	1.0E+10	1E-30	1.0E-10	1.0E+10	1E-30	1.0E-10
87	0.000000000022	1.0E+10	1.0E+10	1E-30	2.30455119740885E-10	1.0E+10	1E-30	1.0E+10	4.06682915648417E-02	1E-30	6.55719766857671E-12	0.202973755536799	4.26498909276673E-11	4.7989695575403E-11	76.304282812498	1.81833220746684E-11	4.41281561614763E-11	95.3452835467549	2.62446112905059E-11	1.49056825890226E-11	53.6052033653886	5.52430380382104E-12	5.13634929507706E-11	100000	1.0E+10	1E-30	1.0E-10	1.0E+10	1E-30	1.0E-10	1.0E+10	1E-30	1.0E-10	1.0E+10	1E-30	1.0E-10	1.0E+10	1E-30	1.0E-10	1.0E+10	1E-30	1.0E-10	1.0E+10	1E-30	1.0E-10	1.0E+10	1E-30	1.0E-10	1.0E+10	1E-30	1.0E-10	1.0E+10	1E-30	1.0E-10
88	0.000000000022	1.0E+10	1.0E+10	1E-30	2.30455119740885E-10	1.0E+10	1E-30	1.0E+10	4.06682915648417E-02	1E-30	6.55719766857671E-12	0.202973755536799	4.26498909276673E-11	4.7989695575403E-11	76.304282812498	1.81833220746684E-11	4.41281561614763E-11	95.3452835467549	2.62446112905059E-11	1.49056825890226E-11	53.6052033653886	5.52430380382104E-12	5.13634929507706E-11	100000	1.0E+10	1E-30	1.0E-10	1.0E+10	1E-30	1.0E-10	1.0E+10	1E-30	1.0E-10	1.0E+10	1E-30	1.0E-10	1.0E+10	1E-30	1.0E-10	1.0E+10	1E-30	1.0E-10	1.0E+10	1E-30	1.0E-10	1.0E+10	1E-30	1.0E-10	1.0E+10	1E-30	1.0E-10	1.0E+10	1E-30	1.0E-10
89	0.000000000027	1.0E+10	1.0E+10	1E-30	1.69183403607441E-10	1.0E+10	1E-30	1.0E+10	0.035	1E-30	4.21862723205904E-12	0.026506416640941	6.84871903229716E-11	3.66448997022422E-11	36.2694118306343	1.94214399766573E-11	5.16382615524742E-11	96.001244047252	2.84259305430529E-11	1.70764788329037E-11	42.8018237532775	2.46237230577743E-12	1.2153766561952E-10	509.397390909807	1.0E+10	1E-30	1.0E-10	1.0E+10	1E-30	1.0E-10	1.0E+10	1E-30	1.0E-10	1.0E+10	1E-30	1.0E-10	1.0E+10	1E-30	1.0E-10	1.0E+10	1E-30	1.0E-10	1.0E+10	1E-30	1.0E-10	1.0E+10	1E-30	1.0E-10	1.0E+10	1E-30	1.0E-10	1.0E+10	1E-30	1.0E-10
90	0.000000000027	1.0E+10	1.0E+10	1E-30	1.69183403607441E-10	1.0E+10	1E-30	1.0E+10	0.035	1E-30	4.21862723205904E-12	0.026506416640941	6.84871903229716E-11	3.66448997022422E-11	36.2694118306343	1.94214399766573E-11	5.16382615524742E-11	96.001244047252	2.84259305430529E-11	1.70764788329037E-11	42.8018237532775	2.46237230577743E-12	1.2153766561952E-10	509.397390909807	1.0E+10	1E-30	1.0E-10	1.0E+10	1E-30	1.0E-10	1.0E+10	1E-30	1.0E-10	1.0E+10	1E-30	1.0E-10	1.0E+10	1E-30	1.0E-10	1.0E+10	1E-30	1.0E-10	1.0E+10	1E-30	1.0E-10	1.0E+10	1E-30	1.0E-10	1.0E+10	1E-30	1.0E-10	1.0E+10	1E-30	1.0E-10
91	0.000000000033	1.0E+10	1.0E+10	1E-30	2.20835070568068E-11	1.0E+10	1E-30	1.0E+10	0.045	1E-30	6.64029117694082E-12	0.066060049138319	2.98634540676931E-10	1.28382069002711E-11	8.99991583156144	7.23622860308592E-13	4.680109479593E-10	13519.4671261389	1.0E+10	1E-30	1.0E-10	1.0E+10	1E-30	1.0E-10	1.0E+10	1E-30	1.0E-10	1.0E+10	1E-30	1.0E-10	1.0E+10	1E-30	1.0E-10	1.0E+10	1E-30	1.0E-10	1.0E+10	1E-30	1.0E-10	1.0E+10	1E-30	1.0E-10	1.0E+10	1E-30	1.0E-10	1.0E+10	1E-30	1.0E-10	1.0E+10	1E-30	1.0E-10	1.0E+10	1E-30	1.0E-10
92	0.000000000033	1.0E+10	1.0E+10	1E-30	2.20835070568068E-11	1.0E+10	1E-30	1.0E+10	0.045	1E-30	6.64029117694082E-12	0.066060049138319	2.98634540676931E-10	1.28382069002711E-11	8.99991583156144	7.23622860308592E-13	4.680109479593E-10	13519.4671261389	1.0E+10	1E-30	1.0E-10	1.0E+10	1E-30	1.0E-10	1.0E+10	1E-30	1.0E-10	1.0E+10	1E-30	1.0E-10	1.0E+10	1E-30	1.0E-10	1.0E+10	1E-30	1.0E-10	1.0E+10	1E-30	1.0E-10	1.0E+10	1E-30	1.0E-10	1.0E+10	1E-30	1.0E-10	1.0E+10	1E-30	1.0E-10	1.0E+10	1E-30	1.0E-10	1.0E+10	1E-30	1.0E-10
93	0.000000000033	1.0E+10	1.0E+10	1E-30	4.20792552116095E-11	1.0E+10	1E-30	1.0E+10	3.57862172182982E-02	1E-30	3.07691986376899E-12	2.05462361595058E-02	6.32367068327583E-11	4.72304134686579E-11	42.9146491285169	2.85418664255073E-11	4.0201837372363E-11	48.3960231635023	2.27112349187369E-11	2.44755401092479E-11	27.9370553957525	9.08136231888515E-12	3.73848154105466E-11	70.4265949653646	1.23712075365857E-12	2.00737263264789E-10	100000	1.0E+10	1E-30	1.0E-10	1.0E+10	1E-30	1.0E-10	1.0E+10	1E-30	1.0E-10	1.0E+10	1E-30	1.0E-10	1.0E+10	1E-30	1.0E-10	1.0E+10	1E-30	1.0E-10	1.0E+10	1E-30	1.0E-10	1.0E+10	1E-30	1.0E-10	1.0E+10	1E-30	1.0E-10
94	0.000000000033	1.0E+10	1.0E+10	1E-30	4.20792552116095E-11	1.0E+10	1E-30	1.0E+10	3.57862172182982E-02	1E-30	3.07691986376899E-12	2.05462361595058E-02	6.32367068327583E-11	4.72304134686579E-11	42.9146491285169	2.85418664255073E-11	4.0201837372363E-11	48.3960231635023	2.27112349187369E-11	2.44755401092479E-11	27.9370553957525	9.08136231888515E-12	3.73848154105466E-11	70.4265949653646	1.23712075365857E-12	2.00737263264789E-10	100000	1.0E+10	1E-30	1.0E-10	1.0E+10	1E-30	1.0E-10	1.0E+10	1E-30	1.0E-10	1.0E+10	1E-30	1.0E-10	1.0E+10	1E-30	1.0E-10	1.0E+10	1E-30	1.0E-10	1.0E+10	1E-30	1.0E-10	1.0E+10	1E-30	1.0E-10	1.0E+10	1E-30	1.0E-10
95	0.000000000039	1.0E+10	1.0E+10	1E-30	2.32299520285571E-10	1.0E+10	1E-30	1.0E+10	0.033	1E-30	4.20488088637473E-12	0.02642004580371	7.95555046078188E-11	4.38381773748811E-11	35.5375982645776	3.43056329678006E-11	3.94367426142701E-11	47.0704682324898	5.31778993894704E-11	1.24195804558882E-11	21.0719953792161	1.82686216560661E-11	2.27084592075467E-11	51.5764885378589	7.23954777951222E-12	4.36784672067215E-11	100000	1.0E+10	1E-30	1.0E-10	1.0E+10	1E-30	1.0E-10	1.0E+10	1E-30	1.0E-10	1.0E+10	1E-30	1.0E-10	1.0E+10	1E-30	1.0E-10	1.0E+10	1E-30	1.0E-10	1.0E+10	1E-30	1.0E-10	1.0E+10	1E-30	1.0E-10	1.0E+10	1E-30	1.0E-10
96	0.000000000039	1.0E+10	1.0E+10	1E-30	2.32299520285571E-10	1.0E+10	1E-30	1.0E+10	0.033	1E-30	4.20488088637473E-12	0.02642004580371	7.95555046078188E-11	4.38381773748811E-11	35.5375982645776	3.43056329678006E-11	3.94367426142701E-11	47.0704682324898	5.31778993894704E-11	1.24195804558882E-11	21.0719953792161	1.82686216560661E-11	2.27084592075467E-11	51.5764885378589	7.23954777951222E-12	4.36784672067215E-11	100000	1.0E+10	1E-30	1.0E-10	1.0E+10	1E-30	1.0E-10	1.0E+10	1E-30	1.0E-10	1.0E+10	1E-30	1.0E-10	1.0E+10	1E-30	1.0E-10	1.0E+10	1E-30	1.0E-10	1.0E+10	1E-30	1.0E-10	1.0E+10	1E-30	1.0E-10	1.0E+10	1E-30	1.0E-10
97	0.000000000047	1.0E+10	1.0E+10	1E-30	6.8154963390327E-12	1.0E+10	1E-30	1.0E+10	0.045	1E-30	7.40175596294688E-12	8.45990578931838E-02	3.57152673390024E-10	1.47737247125281E-11	8.96711244951827	1.62797261623587E-11	2.14270889341769E-11	51.3065764357754	7.01344776306451E-13	4.67884351678197E-10	100000	1.0E+10	1E-30	1.0E-10	1.0E+10	1E-30	1.0E-10	1.0E+10	1E-30	1.0E-10	1.0E+10	1E-30	1.0E-10	1.0E+10	1E-30	1.0E-10	1.0E+10	1E-30	1.0E-10	1.0E+10	1E-30	1.0E-10	1.0E+10	1E-30	1.0E-10	1.0E+10	1E-30	1.0E-10	1.0E+10	1E-30	1.0E-10	1.0E+10	1E-30	1.0E-10
98	0.000000000047	1.0E+10	1.0E+10	1E-30	6.8154963390327E-12	1.0E+10	1E-30	1.0E+10	0.045	1E-30	7.40175596294688E-12	8.45990578931838E-02	3.57152673390024E-10	1.47737247125281E-11	8.96711244951827	1.62797261623587E-11	2.14270889341769E-11	51.3065764357754	7.01344776306451E-13	4.67884351678197E-10	100000	1.0E+10	1E-30	1.0E-10	1.0E+10	1E-30	1.0E-10	1.0E+10	1E-30	1.0E-10	1.0E+10	1E-30	1.0E-10	1.0E+10	1E-30	1.0E-10	1.0E+10	1E-30	1.0E-10	1.0E+10	1E-30	1.0E-10	1.0E+10	1E-30	1.0E-10	1.0E+10	1E-30	1.0E-10	1.0E+10	1E-30	1.0E-10	1.0E+10	1E-30	1.0E-10
99	0.000000000047	1.0E+10	1.0E+10	1E-30	1.04013065806296E-10	1.0E+10	1E-30	1.0E+10	3.78031652585534E-02	1E-30	3.30909841135902E-12	3.31019181391132E-02	1.06259605720232E-10	4.02969959915646E-11	29.0409143153759	4.63357613918547E-11	3.60722902231171E-11	38.0922491721799	8.14467872074994E-11	9.92562420238946E-12	14.8399806568533	2.90102245824193E-11	1.72412181579499E-11	36.4352644123702	2.65714387778652E-11	1.22020042710732E-11	9.36424188622632	1.42939751246305E-12	1.7373490037042E-10	100000	1.0E+10	1E-30	1.0E-10	1.0E+10	1E-30	1.0E-10	1.0E+10	1E-30	1.0E-10	1.0E+10	1E-30	1.0E-10	1.0E+10	1E-30	1.0E-10	1.0E+10	1E-30	1.0E-10	1.0E+10	1E-30	1.0E-10	1.0E+10	1E-30	1.0E-10
100	0.000000000047	1.0E+10	1.0E+10	1E-30	1.04013065806296E-10	1.0E+10	1E-30	1.0E+10	3.78031652585534E-02	1E-30	3.30909841135902E-12	3.31019181391132E-02	1.06259605720232E-10	4.02969959915646E-11	29.0409143153759	4.63357613918547E-11	3.60722902231171E-11	38.0922491721799	8.14467872074994E-11	9.92562420238946E-12	14.8399806568533	2.90102245824193E-11	1.72412181579499E-11	36.4352644123702	2.65714387778652E-11	1.22020042710732E-11	9.36424188622632	1.42939751246305E-12	1.7373490037042E-10	100000	1.0E+10	1E-30	1.0E-10	1.0E+10	1E-30	1.0E-10	1.0E+10	1E-30	1.0E-10	1.0E+10	1E-30	1.0E-10	1.0E+10	1E-30	1.0E-10	1.0E+10	1E-30	1.0E-10	1.0E+10	1E-30	1.0E-10	1.0E+10	1E-30	1.0E-10
101	0.000000000056	1.0E+10	1.0E+10	1E-30	1.37215805272641E-10	1.0E+10	1E-30	1.0E+10	0.033	1E-30	4.36073916027372E-12	2.73993322202745E-02	1.29510078446924E-10	3.84927270409828E-11	28.2797869747262	5.8177082601186E-11	3.31853970793534E-11	40.4226127140492	8.26625735933082E-11	1.12872474127161E-11	17.2174204548296	3.69989249313949E-11	1.54810846651712E-11	33.6585928392285	3.65671414342614E-11	1.0325841399952E-11	23.1871440150089	1.63652839488479E-12	1.51745753507062E-10	100000	1.0E+10	1E-30	1.0E-10	1.0E+10	1E-30	1.0E-10	1.0E+10	1E-30	1.0E-10	1.0E+10	1E-30	1.0E-10	1.0E+10	1E-30	1.0E-10	1.0E+10	1E-30	1.0E-10	1.0E+10	1E-30	1.0E-10	1.0E+10	1E-30	1.0E-10
102	0.000000000056	1.0E+10	1.0E+10	1E-30	1.37215805272641E-10	1.0E+10	1E-30	1.0E+10	0.033	1E-30	4.36073916027372E-12	2.73993322202745E-02	1.29510078446924E-10	3.84927270409828E-11	28.2797869747262	5.8177082601186E-11	3.31853970793534E-11	40.4226127140492	8.26625735933082E-11	1.12872474127161E-11	17.2174204548296	3.69989249313949E-11	1.54810846651712E-11	33.6585928392285	3.65671414342614E-11	1.0325841399952E-11	23.1871440150089	1.63652839488479E-12	1.51745753507062E-10	100000	1.0E+10	1E-30	1.0E-10	1.0E+10	1E-30	1.0E-10	1.0E+10	1E-30	1.0E-10	1.0E+10	1E-30	1.0E-10	1.0E+10	1E-30	1.0E-10	1.0E+10	1E-30	1.0E-10	1.0E+10	1E-30	1.0E-10	1.0E+10	1E-30	1.0E-10
103	0.000000000068	1.0E+10	1.0E+10	1E-30	7.39554194084104E-11	1.0E+10	1E-30	1.0E+10	0.043	3.53784282551875E-10	2.24597257234512E-11	8.86808484812447	4.77115438460264E-11	1.99080358974796E-11	15.4066906391881	7.08345987430195E-12	4.81951159260855E-11	42.8239097156207	1.0609033512677E-12	3.01553428288466E-10	100000	1.0E+10	1E-30	1.0E-10	1.0E+10	1E-30	1.0E-10	1.0E+10	1E-30	1.0E-10	1.0E+10	1E-30	1.0E-10	1.0E+10	1E-30	1.0E-10	1.0E+10	1E-30	1.0E-10	1.0E+10	1E-30	1.0E-10	1.0E+10	1E-30	1.0E-10	1.0E+10	1E-30	1.0E-10	1.0E+10	1E-30	1.0E-10	1.0E+10	1E-30	1.0E-10
104	0.000000000068	1.0E+10	1.0E+10	1E-30	7.39554194084104E-11	1.0E+10	1E-30	1.0E+10	0.043	3.53784282551875E-10	2.24597257234512E-11	8.86808484812447	4.77115438460264E-11	1.99080358974796E-11	15.4066906391881	7.08345987430195E-12	4.81951159260855E-11	42.8239097156207	1.0609033512677E-12	3.01553428288466E-10	100000	1.0E+10	1E-30	1.0E-10	1.0E+10	1E-30	1.0E-10	1.0E+10	1E-30	1.0E-10	1.0E+10	1E-30	1.0E-10	1.0E+10	1E-30	1.0E-10	1.0E+10	1E-30	1.0E-10	1.0E+10	1E-30	1.0E-10	1.0E+10	1E-30	1.0E-10	1.0E+10	1E-30	1.0E-10	1.0E+10	1E-30	1.0E-10	1.0E+10	1E-30	1.0E-10
105	0.000000000068	1.0E+10	1.0E+10	1E-30	1.49550644259211E-10	1.0E+10	1E-30	1.0E+10	3.09127897306102E-02	1E-30	6.94320794931137E-12	9.02048273200254E-02	1.47139235299901E-10	4.16978179165516E-11	23.7907166905883	6.72134886971987E-11	3.54968080751809E-11	30.8188909415767	1.01189736561366E-10	1.13942544051356E-11	13.1801280019881	3.63273159207886E-11	1.95737269717136E-11	27.2177945179995	6.25000312162046E-11	7.50059408979354E-12	16.6252438912722	2.72709226085523E-12	1.23315503562802E-10	928.917115416313	1.0E+10	1E-30	1.0E-10	1.0E+10	1E-30	1.0E-10	1.0E+10	1E-30	1.0E-10	1.0E+10	1E-30	1.0E-10	1.0E+10	1E-30	1.0E-10	1.0E+10	1E-30	1.0E-10	1.0E+10	1E-30	1.0E-10	1.0E+10	1E-30	1.0E-10
106	0.000000000068	1.0E+10	1.0E+10	1E-30	1.49550644259211E-10	1.0E+10	1E-30	1.0E+10	3.09127897306102E-02	1E-30	6.94320794931137E-12	9.02048273200254E-02	1.47139235299901E-10	4.16978179165516E-11	23.7907166905883	6.72134886971987E-11	3.54968080751809E-11	30.8188909415767	1.01189736561366E-10	1.13942544051356E-11	13.1801280019881	3.63273159207886E-11	1.95737269717136E-11	27.2177945179995	6.25000312162046E-11	7.50059408979354E-12	16.6252438912722	2.72709226085523E-12	1.23315503562802E-10	928.917115416313	1.0E+10	1E-30	1.0E-10	1.0E+10	1E-30	1.0E-10	1.0E+10	1E-30	1.0E-10	1.0E+10	1E-30	1.0E-10	1.0E+10	1E-30	1.0E-10	1.0E+10	1E-30	1.0E-10	1.0E+10	1E-30	1.0E-10	1.0E+10	1E-30	1.0E-10
107	0.000000000082	1.0E+10	1.0E+10	1E-30	8.37758330546229E-12	1.0E+10	1E-30	1.0E+10	0.033	1E-30	4.73955672817986E-12	2.97795131970439E-02	1.83768400739255E-10	4.03848568731245E-11	21.7258860152192	8.29071912518402E-11	3.50634435875035E-11	26.6444062750593	1.45780844700638E-10	9.58881127146521E-12	9.60524633064281	5.71250450448978E-11	1.50200166019489E-11	16.8062946510733	8.90285401629713E-11	6.32197133275018E-12	8.71680628968996	3.4023702595922E-11	1.19590976561262E-11	22.1605659408166	7.57116899812352E-13	2.80828708056611E-10	100000	1.0E+10	1E-30	1.0E-10	1.0E+10	1E-30	1.0E-10	1.0E+10	1E-30	1.0E-10	1.0E+10	1E-30	1.0E-10	1.0E+10	1E-30	1.0E-10	1.0E+10	1E-30	1.0E-10	1.0E+10	1E-30	1.0E-10
108	0.000000000082	1.0E+10	1.0E+10	1E-30	8.37758330546229E-12	1.0E+10	1E-30	1.0E+10	0.033	1E-30	4.73955672817986E-12	2.97795131970439E-02	1.83768400739255E-10	4.03848568731245E-11	21.7258860152192	8.29071912518402E-11	3.50634435875035E-11	26.6444062750593	1.45780844700638E-10	9.58881127146521E-12	9.60524633064281	5.71250450448978E-11	1.50200166019489E-11	16.8062946510733	8.90285401629713E-11	6.32197133275018E-12	8.71680628968996	3.4023702595922E-11	1.19590976561262E-11	22.1605659408166	7.57116899812352E-13	2.80828708056611E-10	100000	1.0E+10	1E-30	1.0E-10	1.0E+10	1E-30	1.0E-10	1.0E+10	1E-30	1.0E-10	1.0E+10	1E-30	1.0E-10	1.0E+10	1E-30	1.0E-10	1.0E+10	1E-30	1.0E-10	1.0E+10	1E-30	1.0E-10
109	1.0E-10	1.0E+10	1.0E+10	1E-30	3.71535229097173E-11	1.0E+10	1E-30	1.0E+10	0.04	1E-30	6.61493823261233E-12	4.40183804168415E-02	7.16579881023865E-10	1.51094098585814E-11	5.05697471000749	2.60277522903193E-11	2.22875874546118E-11	12.6423447205407	3.50228960092861E-12	9.73445534186768E-11	99.9344133578306	1.01598119292229E-12	3.29726932905344E-10	100000	1.0E+10	1E-30	1.0E-10	1.0E+10	1E-30	1.0E-10	1.0E+10	1E-30	1.0E-10	1.0E+10	1E-30	1.0E-10	1.0E+10	1E-30	1.0E-10	1.0E+10	1E-30	1.0E-10	1.0E+10	1E-30	1.0E-10	1.0E+10	1E-30	1.0E-10	1.0E+10	1E-30	1.0E-10	1.0E+10	1E-30	1.0E-10
110	1.0E-10	1.0E+10	1.0E+10	1E-30	3.71535229097173E-11	1.0E+10	1E-30	1.0E+10	0.04	1E-30	6.61493823261233E-12	4.40183804168415E-02	7.16579881023865E-10	1.51094098585814E-11	5.05697471000749	2.60277522903193E-11	2.22875874546118E-11	12.6423447205407	3.50228960092861E-12	9.73445534186768E-11	99.9344133578306	1.01598119292229E-12	3.29726932905344E-10	100000	1.0E+10	1E-30	1.0E-10	1.0E+10	1E-30	1.0E-10	1.0E+10	1E-30	1.0E-10	1.0E+10	1E-30	1.0E-10	1.0E+10	1E-30	1.0E-10	1.0E+10	1E-30	1.0E-10	1.0E+10	1E-30	1.0E-10	1.0E+10	1E-30	1.0E-10	1.0E+10	1E-30	1.0E-10	1.0E+10	1E-30	1.0E-10
111	1.0E-10	1.0E+10	1.0E+10	1E-30	2.38138843288616E-11	1.0E+10	1E-30	1.0E+10	0.03	1E-30	1.98561803110279E-11	1.20836102286144	2.10708809871955E-10	4.18159071937592E-11	17.3938039288135	9.71163981029535E-11	3.4719071815452E-11	19.9149869437352	1.73594826984382E-10	9.3548502351164E-12	7.40499061276807	7.35258762731389E-11	1.35517418352836E-11	13.8014751315278	1.16592794767207E-10	5.62074159848631E-12	6.83227571537406	4.39754359695548E-11	1.08690453880132E-11	15.0917762015789	4.60009403358922E-11	7.83944973267148E-12	9.32843017158563	1.01889593445729E-12	2.28697992558667E-10	100000	1.0E+10	1E-30	1.0E-10	1.0E+10	1E-30	1.0E-10	1.0E+10	1E-30	1.0E-10	1.0E+10	1E-30	1.0E-10	1.0E+10	1E-30	1.0E-10	1.0E+10	1E-30	1.0E-10
112	1.0E-10	1.0E+10	1.0E+10	1E-30	2.38138843288616E-11	1.0E+10	1E-30	1.0E+10	0.03	1E-30	1.98561803110279E-11	1.20836102286144	2.10708809871955E-10	4.18159071937592E-11	17.3938039288135	9.71163981029535E-11	3.4719071815452E-11	19.9149869437352	1.73594826984382E-10	9.3548502351164E-12	7.40499061276807	7.35258762731389E-11	1.35517418352836E-11	13.8014751315278	1.16592794767207E-10	5.62074159848631E-12	6.83227571537406	4.39754359695548E-11	1.08690453880132E-11	15.0917762015789	4.60009403358922E-11	7.83944973267148E-12	9.32843017158563	1.01889593445729E-12	2.28697992558667E-10	100000	1.0E+10	1E-30	1.0E-10	1.0E+10	1E-30	1.0E-10	1.0E+10	1E-30	1.0E-10	1.0E+10	1E-30	1.0E-10	1.0E+10	1E-30	1.0E-10	1.0E+10	1E-30	1.0E-10
END DSCRDATA
