BEGIN DSCRDATA
% INDEX	K01	L01	M01	K02	L02	M02	K03	L03	M03	K04	L04	M04	K05	L05	M05	K06	L06	M06	K07	L07	M07	K08	L08	M08	K09	L09	M09	K10	L10	M10	K11	L11	M11	K12	L12	M12	K13	L13	M13	K14	L14	M14	K15	L15	M15	K16	L16	M16	K17	L17	M17	K18	L18	M18
0	0.0000000000002	1.0E+10	1.0E+10	1E-30	2.36629041387194E-10	1.0E+10	1E-30	1.0E+10	0.7	1E-30	3.51300999718916E-12	0.835896649607978	1.0E+10	1E-30	1.0E-10	1.0E+10	1E-30	1.0E-10	1.0E+10	1E-30	1.0E-10	1.0E+10	1E-30	1.0E-10	1.0E+10	1E-30	1.0E-10	1.0E+10	1E-30	1.0E-10	1.0E+10	1E-30	1.0E-10	1.0E+10	1E-30	1.0E-10	1.0E+10	1E-30	1.0E-10	1.0E+10	1E-30	1.0E-10	1.0E+10	1E-30	1.0E-10	1.0E+10	1E-30	1.0E-10	1.0E+10	1E-30	1.0E-10	1.0E+10	1E-30	1.0E-10
1	0.0000000000002	1.0E+10	1.0E+10	1E-30	2.36629041387194E-10	1.0E+10	1E-30	1.0E+10	0.7	1E-30	3.51300999718916E-12	0.835896649607978	1.0E+10	1E-30	1.0E-10	1.0E+10	1E-30	1.0E-10	1.0E+10	1E-30	1.0E-10	1.0E+10	1E-30	1.0E-10	1.0E+10	1E-30	1.0E-10	1.0E+10	1E-30	1.0E-10	1.0E+10	1E-30	1.0E-10	1.0E+10	1E-30	1.0E-10	1.0E+10	1E-30	1.0E-10	1.0E+10	1E-30	1.0E-10	1.0E+10	1E-30	1.0E-10	1.0E+10	1E-30	1.0E-10	1.0E+10	1E-30	1.0E-10	1.0E+10	1E-30	1.0E-10
2	0.0000000000003	1.0E+10	1.0E+10	1E-30	0.000000000205	1.0E+10	1E-30	1.0E+10	0.635204193621277	2.28834395877939E-10	2.64276756817192E-13	0.806784862483815	7.77058858199382E-12	6.22610360620337E-12	100000	1.0E+10	1E-30	1.0E-10	1.0E+10	1E-30	1.0E-10	1.0E+10	1E-30	1.0E-10	1.0E+10	1E-30	1.0E-10	1.0E+10	1E-30	1.0E-10	1.0E+10	1E-30	1.0E-10	1.0E+10	1E-30	1.0E-10	1.0E+10	1E-30	1.0E-10	1.0E+10	1E-30	1.0E-10	1.0E+10	1E-30	1.0E-10	1.0E+10	1E-30	1.0E-10	1.0E+10	1E-30	1.0E-10	1.0E+10	1E-30	1.0E-10
3	0.0000000000003	1.0E+10	1.0E+10	1E-30	0.000000000205	1.0E+10	1E-30	1.0E+10	0.635204193621277	2.28834395877939E-10	2.64276756817192E-13	0.806784862483815	7.77058858199382E-12	6.22610360620337E-12	100000	1.0E+10	1E-30	1.0E-10	1.0E+10	1E-30	1.0E-10	1.0E+10	1E-30	1.0E-10	1.0E+10	1E-30	1.0E-10	1.0E+10	1E-30	1.0E-10	1.0E+10	1E-30	1.0E-10	1.0E+10	1E-30	1.0E-10	1.0E+10	1E-30	1.0E-10	1.0E+10	1E-30	1.0E-10	1.0E+10	1E-30	1.0E-10	1.0E+10	1E-30	1.0E-10	1.0E+10	1E-30	1.0E-10	1.0E+10	1E-30	1.0E-10
4	0.0000000000004	1.0E+10	1.0E+10	1E-30	0.000000000184	1.0E+10	1E-30	1.0E+10	0.652173115332781	8.88218325273971E-11	6.78684385865904E-13	1.4530160344947	2.45798778544913E-12	1.79510781880482E-11	100000	1.0E+10	1E-30	1.0E-10	1.0E+10	1E-30	1.0E-10	1.0E+10	1E-30	1.0E-10	1.0E+10	1E-30	1.0E-10	1.0E+10	1E-30	1.0E-10	1.0E+10	1E-30	1.0E-10	1.0E+10	1E-30	1.0E-10	1.0E+10	1E-30	1.0E-10	1.0E+10	1E-30	1.0E-10	1.0E+10	1E-30	1.0E-10	1.0E+10	1E-30	1.0E-10	1.0E+10	1E-30	1.0E-10	1.0E+10	1E-30	1.0E-10
5	0.0000000000004	1.0E+10	1.0E+10	1E-30	0.000000000184	1.0E+10	1E-30	1.0E+10	0.652173115332781	8.88218325273971E-11	6.78684385865904E-13	1.4530160344947	2.45798778544913E-12	1.79510781880482E-11	100000	1.0E+10	1E-30	1.0E-10	1.0E+10	1E-30	1.0E-10	1.0E+10	1E-30	1.0E-10	1.0E+10	1E-30	1.0E-10	1.0E+10	1E-30	1.0E-10	1.0E+10	1E-30	1.0E-10	1.0E+10	1E-30	1.0E-10	1.0E+10	1E-30	1.0E-10	1.0E+10	1E-30	1.0E-10	1.0E+10	1E-30	1.0E-10	1.0E+10	1E-30	1.0E-10	1.0E+10	1E-30	1.0E-10	1.0E+10	1E-30	1.0E-10
6	0.0000000000005	1.0E+10	1.0E+10	1E-30	2.05454884725668E-10	1.0E+10	1E-30	1.0E+10	0.5	1E-30	1.11596420937933E-12	3.27730485845813E-02	6.37478069355535E-11	9.48669686032988E-13	1.20729609465485	6.4281623632501E-12	7.88103799474578E-12	100000	1.0E+10	1E-30	1.0E-10	1.0E+10	1E-30	1.0E-10	1.0E+10	1E-30	1.0E-10	1.0E+10	1E-30	1.0E-10	1.0E+10	1E-30	1.0E-10	1.0E+10	1E-30	1.0E-10	1.0E+10	1E-30	1.0E-10	1.0E+10	1E-30	1.0E-10	1.0E+10	1E-30	1.0E-10	1.0E+10	1E-30	1.0E-10	1.0E+10	1E-30	1.0E-10	1.0E+10	1E-30	1.0E-10
7	0.0000000000005	1.0E+10	1.0E+10	1E-30	2.05454884725668E-10	1.0E+10	1E-30	1.0E+10	0.5	1E-30	1.11596420937933E-12	3.27730485845813E-02	6.37478069355535E-11	9.48669686032988E-13	1.20729609465485	6.4281623632501E-12	7.88103799474578E-12	100000	1.0E+10	1E-30	1.0E-10	1.0E+10	1E-30	1.0E-10	1.0E+10	1E-30	1.0E-10	1.0E+10	1E-30	1.0E-10	1.0E+10	1E-30	1.0E-10	1.0E+10	1E-30	1.0E-10	1.0E+10	1E-30	1.0E-10	1.0E+10	1E-30	1.0E-10	1.0E+10	1E-30	1.0E-10	1.0E+10	1E-30	1.0E-10	1.0E+10	1E-30	1.0E-10	1.0E+10	1E-30	1.0E-10
8	0.0000000000006	1.0E+10	1.0E+10	1E-30	0.000000000188	1.0E+10	1E-30	1.0E+10	0.5	5.6872881351561E-11	1.06334707427626E-12	1.02653512205089	5.24490716275371E-12	9.65900639403706E-12	100000	1.0E+10	1E-30	1.0E-10	1.0E+10	1E-30	1.0E-10	1.0E+10	1E-30	1.0E-10	1.0E+10	1E-30	1.0E-10	1.0E+10	1E-30	1.0E-10	1.0E+10	1E-30	1.0E-10	1.0E+10	1E-30	1.0E-10	1.0E+10	1E-30	1.0E-10	1.0E+10	1E-30	1.0E-10	1.0E+10	1E-30	1.0E-10	1.0E+10	1E-30	1.0E-10	1.0E+10	1E-30	1.0E-10	1.0E+10	1E-30	1.0E-10
9	0.0000000000006	1.0E+10	1.0E+10	1E-30	0.000000000188	1.0E+10	1E-30	1.0E+10	0.5	5.6872881351561E-11	1.06334707427626E-12	1.02653512205089	5.24490716275371E-12	9.65900639403706E-12	100000	1.0E+10	1E-30	1.0E-10	1.0E+10	1E-30	1.0E-10	1.0E+10	1E-30	1.0E-10	1.0E+10	1E-30	1.0E-10	1.0E+10	1E-30	1.0E-10	1.0E+10	1E-30	1.0E-10	1.0E+10	1E-30	1.0E-10	1.0E+10	1E-30	1.0E-10	1.0E+10	1E-30	1.0E-10	1.0E+10	1E-30	1.0E-10	1.0E+10	1E-30	1.0E-10	1.0E+10	1E-30	1.0E-10	1.0E+10	1E-30	1.0E-10
10	0.0000000000007	1.0E+10	1.0E+10	1E-30	0.000000000197	1.0E+10	1E-30	1.0E+10	0.47	3.5186719809712E-11	1.64135109492143E-12	2.04126910136152	4.59262121162413E-12	1.07797733978126E-11	100000	1.0E+10	1E-30	1.0E-10	1.0E+10	1E-30	1.0E-10	1.0E+10	1E-30	1.0E-10	1.0E+10	1E-30	1.0E-10	1.0E+10	1E-30	1.0E-10	1.0E+10	1E-30	1.0E-10	1.0E+10	1E-30	1.0E-10	1.0E+10	1E-30	1.0E-10	1.0E+10	1E-30	1.0E-10	1.0E+10	1E-30	1.0E-10	1.0E+10	1E-30	1.0E-10	1.0E+10	1E-30	1.0E-10	1.0E+10	1E-30	1.0E-10
11	0.0000000000007	1.0E+10	1.0E+10	1E-30	0.000000000197	1.0E+10	1E-30	1.0E+10	0.47	3.5186719809712E-11	1.64135109492143E-12	2.04126910136152	4.59262121162413E-12	1.07797733978126E-11	100000	1.0E+10	1E-30	1.0E-10	1.0E+10	1E-30	1.0E-10	1.0E+10	1E-30	1.0E-10	1.0E+10	1E-30	1.0E-10	1.0E+10	1E-30	1.0E-10	1.0E+10	1E-30	1.0E-10	1.0E+10	1E-30	1.0E-10	1.0E+10	1E-30	1.0E-10	1.0E+10	1E-30	1.0E-10	1.0E+10	1E-30	1.0E-10	1.0E+10	1E-30	1.0E-10	1.0E+10	1E-30	1.0E-10	1.0E+10	1E-30	1.0E-10
12	0.0000000000008	1.0E+10	1.0E+10	1E-30	1.92339305850169E-10	1.0E+10	1E-30	1.0E+10	0.5	3.05009219888992E-11	1.94431765662483E-12	2.54124546552632	2.48596284400685E-12	1.73450527793657E-11	100000	1.0E+10	1E-30	1.0E-10	1.0E+10	1E-30	1.0E-10	1.0E+10	1E-30	1.0E-10	1.0E+10	1E-30	1.0E-10	1.0E+10	1E-30	1.0E-10	1.0E+10	1E-30	1.0E-10	1.0E+10	1E-30	1.0E-10	1.0E+10	1E-30	1.0E-10	1.0E+10	1E-30	1.0E-10	1.0E+10	1E-30	1.0E-10	1.0E+10	1E-30	1.0E-10	1.0E+10	1E-30	1.0E-10	1.0E+10	1E-30	1.0E-10
13	0.0000000000008	1.0E+10	1.0E+10	1E-30	1.92339305850169E-10	1.0E+10	1E-30	1.0E+10	0.5	3.05009219888992E-11	1.94431765662483E-12	2.54124546552632	2.48596284400685E-12	1.73450527793657E-11	100000	1.0E+10	1E-30	1.0E-10	1.0E+10	1E-30	1.0E-10	1.0E+10	1E-30	1.0E-10	1.0E+10	1E-30	1.0E-10	1.0E+10	1E-30	1.0E-10	1.0E+10	1E-30	1.0E-10	1.0E+10	1E-30	1.0E-10	1.0E+10	1E-30	1.0E-10	1.0E+10	1E-30	1.0E-10	1.0E+10	1E-30	1.0E-10	1.0E+10	1E-30	1.0E-10	1.0E+10	1E-30	1.0E-10	1.0E+10	1E-30	1.0E-10
14	0.0000000000009	1.0E+10	1.0E+10	1E-30	0.000000000192	1.0E+10	1E-30	1.0E+10	0.47	4.79594293102511E-11	1.26097438732276E-12	1.92932342728649	4.04609773703455E-12	1.25208522170546E-11	100000	1.0E+10	1E-30	1.0E-10	1.0E+10	1E-30	1.0E-10	1.0E+10	1E-30	1.0E-10	1.0E+10	1E-30	1.0E-10	1.0E+10	1E-30	1.0E-10	1.0E+10	1E-30	1.0E-10	1.0E+10	1E-30	1.0E-10	1.0E+10	1E-30	1.0E-10	1.0E+10	1E-30	1.0E-10	1.0E+10	1E-30	1.0E-10	1.0E+10	1E-30	1.0E-10	1.0E+10	1E-30	1.0E-10	1.0E+10	1E-30	1.0E-10
15	0.0000000000009	1.0E+10	1.0E+10	1E-30	0.000000000192	1.0E+10	1E-30	1.0E+10	0.47	4.79594293102511E-11	1.26097438732276E-12	1.92932342728649	4.04609773703455E-12	1.25208522170546E-11	100000	1.0E+10	1E-30	1.0E-10	1.0E+10	1E-30	1.0E-10	1.0E+10	1E-30	1.0E-10	1.0E+10	1E-30	1.0E-10	1.0E+10	1E-30	1.0E-10	1.0E+10	1E-30	1.0E-10	1.0E+10	1E-30	1.0E-10	1.0E+10	1E-30	1.0E-10	1.0E+10	1E-30	1.0E-10	1.0E+10	1E-30	1.0E-10	1.0E+10	1E-30	1.0E-10	1.0E+10	1E-30	1.0E-10	1.0E+10	1E-30	1.0E-10
16	0.000000000001	1.0E+10	1.0E+10	1E-30	1.79501484396978E-10	1.0E+10	1E-30	1.0E+10	0.6	2.6692535220578E-11	2.15673984754569E-12	2.26151936837162	1.01964692951072E-12	3.51738934097628E-11	100000	1.0E+10	1E-30	1.0E-10	1.0E+10	1E-30	1.0E-10	1.0E+10	1E-30	1.0E-10	1.0E+10	1E-30	1.0E-10	1.0E+10	1E-30	1.0E-10	1.0E+10	1E-30	1.0E-10	1.0E+10	1E-30	1.0E-10	1.0E+10	1E-30	1.0E-10	1.0E+10	1E-30	1.0E-10	1.0E+10	1E-30	1.0E-10	1.0E+10	1E-30	1.0E-10	1.0E+10	1E-30	1.0E-10	1.0E+10	1E-30	1.0E-10
17	0.000000000001	1.0E+10	1.0E+10	1E-30	1.79501484396978E-10	1.0E+10	1E-30	1.0E+10	0.6	2.6692535220578E-11	2.15673984754569E-12	2.26151936837162	1.01964692951072E-12	3.51738934097628E-11	100000	1.0E+10	1E-30	1.0E-10	1.0E+10	1E-30	1.0E-10	1.0E+10	1E-30	1.0E-10	1.0E+10	1E-30	1.0E-10	1.0E+10	1E-30	1.0E-10	1.0E+10	1E-30	1.0E-10	1.0E+10	1E-30	1.0E-10	1.0E+10	1E-30	1.0E-10	1.0E+10	1E-30	1.0E-10	1.0E+10	1E-30	1.0E-10	1.0E+10	1E-30	1.0E-10	1.0E+10	1E-30	1.0E-10	1.0E+10	1E-30	1.0E-10
18	0.000000000001	1.0E+10	1.0E+10	1E-30	1.79501484396978E-10	1.0E+10	1E-30	1.0E+10	0.6	2.6692535220578E-11	2.15673984754569E-12	2.26151936837162	1.01964692951072E-12	3.51738934097628E-11	100000	1.0E+10	1E-30	1.0E-10	1.0E+10	1E-30	1.0E-10	1.0E+10	1E-30	1.0E-10	1.0E+10	1E-30	1.0E-10	1.0E+10	1E-30	1.0E-10	1.0E+10	1E-30	1.0E-10	1.0E+10	1E-30	1.0E-10	1.0E+10	1E-30	1.0E-10	1.0E+10	1E-30	1.0E-10	1.0E+10	1E-30	1.0E-10	1.0E+10	1E-30	1.0E-10	1.0E+10	1E-30	1.0E-10	1.0E+10	1E-30	1.0E-10
19	0.0000000000012	1.0E+10	1.0E+10	1E-30	0.000000000228	1.0E+10	1E-30	1.0E+10	0.6	1E-30	1.15172592749377E-12	8.68380891063194E-02	1.0E+10	1E-30	1.0E-10	1.0E+10	1E-30	1.0E-10	1.0E+10	1E-30	1.0E-10	1.0E+10	1E-30	1.0E-10	1.0E+10	1E-30	1.0E-10	1.0E+10	1E-30	1.0E-10	1.0E+10	1E-30	1.0E-10	1.0E+10	1E-30	1.0E-10	1.0E+10	1E-30	1.0E-10	1.0E+10	1E-30	1.0E-10	1.0E+10	1E-30	1.0E-10	1.0E+10	1E-30	1.0E-10	1.0E+10	1E-30	1.0E-10	1.0E+10	1E-30	1.0E-10
20	0.0000000000012	1.0E+10	1.0E+10	1E-30	0.000000000228	1.0E+10	1E-30	1.0E+10	0.6	1E-30	1.15172592749377E-12	8.68380891063194E-02	1.0E+10	1E-30	1.0E-10	1.0E+10	1E-30	1.0E-10	1.0E+10	1E-30	1.0E-10	1.0E+10	1E-30	1.0E-10	1.0E+10	1E-30	1.0E-10	1.0E+10	1E-30	1.0E-10	1.0E+10	1E-30	1.0E-10	1.0E+10	1E-30	1.0E-10	1.0E+10	1E-30	1.0E-10	1.0E+10	1E-30	1.0E-10	1.0E+10	1E-30	1.0E-10	1.0E+10	1E-30	1.0E-10	1.0E+10	1E-30	1.0E-10	1.0E+10	1E-30	1.0E-10
21	0.0000000000012	1.0E+10	1.0E+10	1E-30	0.000000000228	1.0E+10	1E-30	1.0E+10	0.6	1E-30	1.15172592749377E-12	8.68380891063194E-02	1.0E+10	1E-30	1.0E-10	1.0E+10	1E-30	1.0E-10	1.0E+10	1E-30	1.0E-10	1.0E+10	1E-30	1.0E-10	1.0E+10	1E-30	1.0E-10	1.0E+10	1E-30	1.0E-10	1.0E+10	1E-30	1.0E-10	1.0E+10	1E-30	1.0E-10	1.0E+10	1E-30	1.0E-10	1.0E+10	1E-30	1.0E-10	1.0E+10	1E-30	1.0E-10	1.0E+10	1E-30	1.0E-10	1.0E+10	1E-30	1.0E-10	1.0E+10	1E-30	1.0E-10
22	0.0000000000015	1.0E+10	1.0E+10	1E-30	0.00000000021	1.0E+10	1E-30	1.0E+10	0.45	1E-30	4.06904092169966E-12	0.191749036001518	1.0E+10	1E-30	1.0E-10	1.0E+10	1E-30	1.0E-10	1.0E+10	1E-30	1.0E-10	1.0E+10	1E-30	1.0E-10	1.0E+10	1E-30	1.0E-10	1.0E+10	1E-30	1.0E-10	1.0E+10	1E-30	1.0E-10	1.0E+10	1E-30	1.0E-10	1.0E+10	1E-30	1.0E-10	1.0E+10	1E-30	1.0E-10	1.0E+10	1E-30	1.0E-10	1.0E+10	1E-30	1.0E-10	1.0E+10	1E-30	1.0E-10	1.0E+10	1E-30	1.0E-10
23	0.0000000000015	1.0E+10	1.0E+10	1E-30	0.00000000021	1.0E+10	1E-30	1.0E+10	0.45	1E-30	4.06904092169966E-12	0.191749036001518	1.0E+10	1E-30	1.0E-10	1.0E+10	1E-30	1.0E-10	1.0E+10	1E-30	1.0E-10	1.0E+10	1E-30	1.0E-10	1.0E+10	1E-30	1.0E-10	1.0E+10	1E-30	1.0E-10	1.0E+10	1E-30	1.0E-10	1.0E+10	1E-30	1.0E-10	1.0E+10	1E-30	1.0E-10	1.0E+10	1E-30	1.0E-10	1.0E+10	1E-30	1.0E-10	1.0E+10	1E-30	1.0E-10	1.0E+10	1E-30	1.0E-10	1.0E+10	1E-30	1.0E-10
24	0.0000000000015	1.0E+10	1.0E+10	1E-30	0.00000000021	1.0E+10	1E-30	1.0E+10	0.45	1E-30	4.06904092169966E-12	0.191749036001518	1.0E+10	1E-30	1.0E-10	1.0E+10	1E-30	1.0E-10	1.0E+10	1E-30	1.0E-10	1.0E+10	1E-30	1.0E-10	1.0E+10	1E-30	1.0E-10	1.0E+10	1E-30	1.0E-10	1.0E+10	1E-30	1.0E-10	1.0E+10	1E-30	1.0E-10	1.0E+10	1E-30	1.0E-10	1.0E+10	1E-30	1.0E-10	1.0E+10	1E-30	1.0E-10	1.0E+10	1E-30	1.0E-10	1.0E+10	1E-30	1.0E-10	1.0E+10	1E-30	1.0E-10
25	0.0000000000017	1.0E+10	1.0E+10	1E-30	0.000000000208	1.0E+10	1E-30	1.0E+10	0.45	1E-30	3.662829195682E-12	0.258910139081448	6.43618625711067E-10	5.14458354677836E-13	1.0E+10	1.0E+10	1E-30	1.0E-10	1.0E+10	1E-30	1.0E-10	1.0E+10	1E-30	1.0E-10	1.0E+10	1E-30	1.0E-10	1.0E+10	1E-30	1.0E-10	1.0E+10	1E-30	1.0E-10	1.0E+10	1E-30	1.0E-10	1.0E+10	1E-30	1.0E-10	1.0E+10	1E-30	1.0E-10	1.0E+10	1E-30	1.0E-10	1.0E+10	1E-30	1.0E-10	1.0E+10	1E-30	1.0E-10	1.0E+10	1E-30	1.0E-10
26	0.0000000000018	1.0E+10	1.0E+10	1E-30	0.000000000218	1.0E+10	1E-30	1.0E+10	0.43	1E-30	5.3271896425032E-13	0.058575509458087	1.0E+10	1E-30	1.0E-10	1.0E+10	1E-30	1.0E-10	1.0E+10	1E-30	1.0E-10	1.0E+10	1E-30	1.0E-10	1.0E+10	1E-30	1.0E-10	1.0E+10	1E-30	1.0E-10	1.0E+10	1E-30	1.0E-10	1.0E+10	1E-30	1.0E-10	1.0E+10	1E-30	1.0E-10	1.0E+10	1E-30	1.0E-10	1.0E+10	1E-30	1.0E-10	1.0E+10	1E-30	1.0E-10	1.0E+10	1E-30	1.0E-10	1.0E+10	1E-30	1.0E-10
27	0.0000000000018	1.0E+10	1.0E+10	1E-30	0.000000000218	1.0E+10	1E-30	1.0E+10	0.43	1E-30	5.3271896425032E-13	0.058575509458087	1.0E+10	1E-30	1.0E-10	1.0E+10	1E-30	1.0E-10	1.0E+10	1E-30	1.0E-10	1.0E+10	1E-30	1.0E-10	1.0E+10	1E-30	1.0E-10	1.0E+10	1E-30	1.0E-10	1.0E+10	1E-30	1.0E-10	1.0E+10	1E-30	1.0E-10	1.0E+10	1E-30	1.0E-10	1.0E+10	1E-30	1.0E-10	1.0E+10	1E-30	1.0E-10	1.0E+10	1E-30	1.0E-10	1.0E+10	1E-30	1.0E-10	1.0E+10	1E-30	1.0E-10
28	0.0000000000018	1.0E+10	1.0E+10	1E-30	0.000000000218	1.0E+10	1E-30	1.0E+10	0.43	1E-30	5.3271896425032E-13	0.058575509458087	1.0E+10	1E-30	1.0E-10	1.0E+10	1E-30	1.0E-10	1.0E+10	1E-30	1.0E-10	1.0E+10	1E-30	1.0E-10	1.0E+10	1E-30	1.0E-10	1.0E+10	1E-30	1.0E-10	1.0E+10	1E-30	1.0E-10	1.0E+10	1E-30	1.0E-10	1.0E+10	1E-30	1.0E-10	1.0E+10	1E-30	1.0E-10	1.0E+10	1E-30	1.0E-10	1.0E+10	1E-30	1.0E-10	1.0E+10	1E-30	1.0E-10	1.0E+10	1E-30	1.0E-10
29	0.000000000002	1.0E+10	1.0E+10	1E-30	0.000000000205	1.0E+10	1E-30	1.0E+10	0.36	1E-30	4.23987481712283E-12	0.199799393664202	5.17100090293171E-11	4.80247903798855E-12	1.0E+10	1.0E+10	1E-30	1.0E-10	1.0E+10	1E-30	1.0E-10	1.0E+10	1E-30	1.0E-10	1.0E+10	1E-30	1.0E-10	1.0E+10	1E-30	1.0E-10	1.0E+10	1E-30	1.0E-10	1.0E+10	1E-30	1.0E-10	1.0E+10	1E-30	1.0E-10	1.0E+10	1E-30	1.0E-10	1.0E+10	1E-30	1.0E-10	1.0E+10	1E-30	1.0E-10	1.0E+10	1E-30	1.0E-10	1.0E+10	1E-30	1.0E-10
30	0.000000000002	1.0E+10	1.0E+10	1E-30	0.000000000205	1.0E+10	1E-30	1.0E+10	0.36	1E-30	4.23987481712283E-12	0.199799393664202	5.17100090293171E-11	4.80247903798855E-12	1.0E+10	1.0E+10	1E-30	1.0E-10	1.0E+10	1E-30	1.0E-10	1.0E+10	1E-30	1.0E-10	1.0E+10	1E-30	1.0E-10	1.0E+10	1E-30	1.0E-10	1.0E+10	1E-30	1.0E-10	1.0E+10	1E-30	1.0E-10	1.0E+10	1E-30	1.0E-10	1.0E+10	1E-30	1.0E-10	1.0E+10	1E-30	1.0E-10	1.0E+10	1E-30	1.0E-10	1.0E+10	1E-30	1.0E-10	1.0E+10	1E-30	1.0E-10
31	0.000000000002	1.0E+10	1.0E+10	1E-30	0.000000000205	1.0E+10	1E-30	1.0E+10	0.36	1E-30	4.23987481712283E-12	0.199799393664202	5.17100090293171E-11	4.80247903798855E-12	1.0E+10	1.0E+10	1E-30	1.0E-10	1.0E+10	1E-30	1.0E-10	1.0E+10	1E-30	1.0E-10	1.0E+10	1E-30	1.0E-10	1.0E+10	1E-30	1.0E-10	1.0E+10	1E-30	1.0E-10	1.0E+10	1E-30	1.0E-10	1.0E+10	1E-30	1.0E-10	1.0E+10	1E-30	1.0E-10	1.0E+10	1E-30	1.0E-10	1.0E+10	1E-30	1.0E-10	1.0E+10	1E-30	1.0E-10	1.0E+10	1E-30	1.0E-10
32	0.0000000000022	1.0E+10	1.0E+10	1E-30	0.000000000176	1.0E+10	1E-30	1.0E+10	0.32	1.41286213313424E-11	1.75768200303164E-11	1.0E+10	2.07977804812561E-10	1.68571993178942E-12	0.294637261148263	1.0E+10	1E-30	1.0E-10	1.0E+10	1E-30	1.0E-10	1.0E+10	1E-30	1.0E-10	1.0E+10	1E-30	1.0E-10	1.0E+10	1E-30	1.0E-10	1.0E+10	1E-30	1.0E-10	1.0E+10	1E-30	1.0E-10	1.0E+10	1E-30	1.0E-10	1.0E+10	1E-30	1.0E-10	1.0E+10	1E-30	1.0E-10	1.0E+10	1E-30	1.0E-10	1.0E+10	1E-30	1.0E-10	1.0E+10	1E-30	1.0E-10
33	0.0000000000022	1.0E+10	1.0E+10	1E-30	0.000000000176	1.0E+10	1E-30	1.0E+10	0.32	1.41286213313424E-11	1.75768200303164E-11	1.0E+10	2.07977804812561E-10	1.68571993178942E-12	0.294637261148263	1.0E+10	1E-30	1.0E-10	1.0E+10	1E-30	1.0E-10	1.0E+10	1E-30	1.0E-10	1.0E+10	1E-30	1.0E-10	1.0E+10	1E-30	1.0E-10	1.0E+10	1E-30	1.0E-10	1.0E+10	1E-30	1.0E-10	1.0E+10	1E-30	1.0E-10	1.0E+10	1E-30	1.0E-10	1.0E+10	1E-30	1.0E-10	1.0E+10	1E-30	1.0E-10	1.0E+10	1E-30	1.0E-10	1.0E+10	1E-30	1.0E-10
34	0.0000000000022	1.0E+10	1.0E+10	1E-30	0.000000000176	1.0E+10	1E-30	1.0E+10	0.32	1.41286213313424E-11	1.75768200303164E-11	1.0E+10	2.07977804812561E-10	1.68571993178942E-12	0.294637261148263	1.0E+10	1E-30	1.0E-10	1.0E+10	1E-30	1.0E-10	1.0E+10	1E-30	1.0E-10	1.0E+10	1E-30	1.0E-10	1.0E+10	1E-30	1.0E-10	1.0E+10	1E-30	1.0E-10	1.0E+10	1E-30	1.0E-10	1.0E+10	1E-30	1.0E-10	1.0E+10	1E-30	1.0E-10	1.0E+10	1E-30	1.0E-10	1.0E+10	1E-30	1.0E-10	1.0E+10	1E-30	1.0E-10	1.0E+10	1E-30	1.0E-10
35	0.0000000000027	1.0E+10	1.0E+10	1E-30	0.000000000217	1.0E+10	1E-30	1.0E+10	0.32	1E-30	7.76024196649257E-12	0.975180766080491	1.0E+10	1E-30	1.0E-10	1.0E+10	1E-30	1.0E-10	1.0E+10	1E-30	1.0E-10	1.0E+10	1E-30	1.0E-10	1.0E+10	1E-30	1.0E-10	1.0E+10	1E-30	1.0E-10	1.0E+10	1E-30	1.0E-10	1.0E+10	1E-30	1.0E-10	1.0E+10	1E-30	1.0E-10	1.0E+10	1E-30	1.0E-10	1.0E+10	1E-30	1.0E-10	1.0E+10	1E-30	1.0E-10	1.0E+10	1E-30	1.0E-10	1.0E+10	1E-30	1.0E-10
36	0.0000000000027	1.0E+10	1.0E+10	1E-30	0.000000000217	1.0E+10	1E-30	1.0E+10	0.32	1E-30	7.76024196649257E-12	0.975180766080491	1.0E+10	1E-30	1.0E-10	1.0E+10	1E-30	1.0E-10	1.0E+10	1E-30	1.0E-10	1.0E+10	1E-30	1.0E-10	1.0E+10	1E-30	1.0E-10	1.0E+10	1E-30	1.0E-10	1.0E+10	1E-30	1.0E-10	1.0E+10	1E-30	1.0E-10	1.0E+10	1E-30	1.0E-10	1.0E+10	1E-30	1.0E-10	1.0E+10	1E-30	1.0E-10	1.0E+10	1E-30	1.0E-10	1.0E+10	1E-30	1.0E-10	1.0E+10	1E-30	1.0E-10
37	0.0000000000027	1.0E+10	1.0E+10	1E-30	0.000000000217	1.0E+10	1E-30	1.0E+10	0.32	1E-30	7.76024196649257E-12	0.975180766080491	1.0E+10	1E-30	1.0E-10	1.0E+10	1E-30	1.0E-10	1.0E+10	1E-30	1.0E-10	1.0E+10	1E-30	1.0E-10	1.0E+10	1E-30	1.0E-10	1.0E+10	1E-30	1.0E-10	1.0E+10	1E-30	1.0E-10	1.0E+10	1E-30	1.0E-10	1.0E+10	1E-30	1.0E-10	1.0E+10	1E-30	1.0E-10	1.0E+10	1E-30	1.0E-10	1.0E+10	1E-30	1.0E-10	1.0E+10	1E-30	1.0E-10	1.0E+10	1E-30	1.0E-10
38	0.000000000003	1.0E+10	1.0E+10	1E-30	0.000000000178	1.0E+10	1E-30	1.0E+10	0.28	1.09969216312322E-11	2.25823410173441E-11	1.0E+10	1.24142294907506E-10	2.82411672189207E-12	0.359011821613409	1.0E+10	1E-30	1.0E-10	1.0E+10	1E-30	1.0E-10	1.0E+10	1E-30	1.0E-10	1.0E+10	1E-30	1.0E-10	1.0E+10	1E-30	1.0E-10	1.0E+10	1E-30	1.0E-10	1.0E+10	1E-30	1.0E-10	1.0E+10	1E-30	1.0E-10	1.0E+10	1E-30	1.0E-10	1.0E+10	1E-30	1.0E-10	1.0E+10	1E-30	1.0E-10	1.0E+10	1E-30	1.0E-10	1.0E+10	1E-30	1.0E-10
39	0.000000000003	1.0E+10	1.0E+10	1E-30	0.000000000178	1.0E+10	1E-30	1.0E+10	0.28	1.09969216312322E-11	2.25823410173441E-11	1.0E+10	1.24142294907506E-10	2.82411672189207E-12	0.359011821613409	1.0E+10	1E-30	1.0E-10	1.0E+10	1E-30	1.0E-10	1.0E+10	1E-30	1.0E-10	1.0E+10	1E-30	1.0E-10	1.0E+10	1E-30	1.0E-10	1.0E+10	1E-30	1.0E-10	1.0E+10	1E-30	1.0E-10	1.0E+10	1E-30	1.0E-10	1.0E+10	1E-30	1.0E-10	1.0E+10	1E-30	1.0E-10	1.0E+10	1E-30	1.0E-10	1.0E+10	1E-30	1.0E-10	1.0E+10	1E-30	1.0E-10
40	0.000000000003	1.0E+10	1.0E+10	1E-30	0.000000000178	1.0E+10	1E-30	1.0E+10	0.28	1.09969216312322E-11	2.25823410173441E-11	1.0E+10	1.24142294907506E-10	2.82411672189207E-12	0.359011821613409	1.0E+10	1E-30	1.0E-10	1.0E+10	1E-30	1.0E-10	1.0E+10	1E-30	1.0E-10	1.0E+10	1E-30	1.0E-10	1.0E+10	1E-30	1.0E-10	1.0E+10	1E-30	1.0E-10	1.0E+10	1E-30	1.0E-10	1.0E+10	1E-30	1.0E-10	1.0E+10	1E-30	1.0E-10	1.0E+10	1E-30	1.0E-10	1.0E+10	1E-30	1.0E-10	1.0E+10	1E-30	1.0E-10	1.0E+10	1E-30	1.0E-10
41	0.0000000000033	1.0E+10	1.0E+10	1E-30	0.000000000204	1.0E+10	1E-30	1.0E+10	0.26	4.22804029610677E-11	5.87355410605158E-12	1.0E+10	1.78053157405145E-10	1.96903181079009E-12	0.147949564705054	1.0E+10	1E-30	1.0E-10	1.0E+10	1E-30	1.0E-10	1.0E+10	1E-30	1.0E-10	1.0E+10	1E-30	1.0E-10	1.0E+10	1E-30	1.0E-10	1.0E+10	1E-30	1.0E-10	1.0E+10	1E-30	1.0E-10	1.0E+10	1E-30	1.0E-10	1.0E+10	1E-30	1.0E-10	1.0E+10	1E-30	1.0E-10	1.0E+10	1E-30	1.0E-10	1.0E+10	1E-30	1.0E-10	1.0E+10	1E-30	1.0E-10
42	0.0000000000033	1.0E+10	1.0E+10	1E-30	0.000000000204	1.0E+10	1E-30	1.0E+10	0.26	4.22804029610677E-11	5.87355410605158E-12	1.0E+10	1.78053157405145E-10	1.96903181079009E-12	0.147949564705054	1.0E+10	1E-30	1.0E-10	1.0E+10	1E-30	1.0E-10	1.0E+10	1E-30	1.0E-10	1.0E+10	1E-30	1.0E-10	1.0E+10	1E-30	1.0E-10	1.0E+10	1E-30	1.0E-10	1.0E+10	1E-30	1.0E-10	1.0E+10	1E-30	1.0E-10	1.0E+10	1E-30	1.0E-10	1.0E+10	1E-30	1.0E-10	1.0E+10	1E-30	1.0E-10	1.0E+10	1E-30	1.0E-10	1.0E+10	1E-30	1.0E-10
43	0.0000000000033	1.0E+10	1.0E+10	1E-30	0.000000000204	1.0E+10	1E-30	1.0E+10	0.26	4.22804029610677E-11	5.87355410605158E-12	1.0E+10	1.78053157405145E-10	1.96903181079009E-12	0.147949564705054	1.0E+10	1E-30	1.0E-10	1.0E+10	1E-30	1.0E-10	1.0E+10	1E-30	1.0E-10	1.0E+10	1E-30	1.0E-10	1.0E+10	1E-30	1.0E-10	1.0E+10	1E-30	1.0E-10	1.0E+10	1E-30	1.0E-10	1.0E+10	1E-30	1.0E-10	1.0E+10	1E-30	1.0E-10	1.0E+10	1E-30	1.0E-10	1.0E+10	1E-30	1.0E-10	1.0E+10	1E-30	1.0E-10	1.0E+10	1E-30	1.0E-10
44	0.0000000000039	1.0E+10	1.0E+10	1E-30	0.0000000002	1.0E+10	1E-30	1.0E+10	0.28	2.24654633695702E-11	1.1054133642036E-11	1.0E+10	1.63898675946379E-10	2.13907970224875E-12	0.576939681085459	1.0E+10	1E-30	1.0E-10	1.0E+10	1E-30	1.0E-10	1.0E+10	1E-30	1.0E-10	1.0E+10	1E-30	1.0E-10	1.0E+10	1E-30	1.0E-10	1.0E+10	1E-30	1.0E-10	1.0E+10	1E-30	1.0E-10	1.0E+10	1E-30	1.0E-10	1.0E+10	1E-30	1.0E-10	1.0E+10	1E-30	1.0E-10	1.0E+10	1E-30	1.0E-10	1.0E+10	1E-30	1.0E-10	1.0E+10	1E-30	1.0E-10
45	0.0000000000039	1.0E+10	1.0E+10	1E-30	0.0000000002	1.0E+10	1E-30	1.0E+10	0.28	2.24654633695702E-11	1.1054133642036E-11	1.0E+10	1.63898675946379E-10	2.13907970224875E-12	0.576939681085459	1.0E+10	1E-30	1.0E-10	1.0E+10	1E-30	1.0E-10	1.0E+10	1E-30	1.0E-10	1.0E+10	1E-30	1.0E-10	1.0E+10	1E-30	1.0E-10	1.0E+10	1E-30	1.0E-10	1.0E+10	1E-30	1.0E-10	1.0E+10	1E-30	1.0E-10	1.0E+10	1E-30	1.0E-10	1.0E+10	1E-30	1.0E-10	1.0E+10	1E-30	1.0E-10	1.0E+10	1E-30	1.0E-10	1.0E+10	1E-30	1.0E-10
46	0.0000000000039	1.0E+10	1.0E+10	1E-30	0.0000000002	1.0E+10	1E-30	1.0E+10	0.28	2.24654633695702E-11	1.1054133642036E-11	1.0E+10	1.63898675946379E-10	2.13907970224875E-12	0.576939681085459	1.0E+10	1E-30	1.0E-10	1.0E+10	1E-30	1.0E-10	1.0E+10	1E-30	1.0E-10	1.0E+10	1E-30	1.0E-10	1.0E+10	1E-30	1.0E-10	1.0E+10	1E-30	1.0E-10	1.0E+10	1E-30	1.0E-10	1.0E+10	1E-30	1.0E-10	1.0E+10	1E-30	1.0E-10	1.0E+10	1E-30	1.0E-10	1.0E+10	1E-30	1.0E-10	1.0E+10	1E-30	1.0E-10	1.0E+10	1E-30	1.0E-10
47	0.000000000004	1.0E+10	1.0E+10	1E-30	0.000000000193	1.0E+10	1E-30	1.0E+10	0.24	2.76073750543768E-11	0.0000000000095	1.0E+10	1.38416186814602E-10	2.53288534390806E-12	0.235183939944025	1.0E+10	1E-30	1.0E-10	1.0E+10	1E-30	1.0E-10	1.0E+10	1E-30	1.0E-10	1.0E+10	1E-30	1.0E-10	1.0E+10	1E-30	1.0E-10	1.0E+10	1E-30	1.0E-10	1.0E+10	1E-30	1.0E-10	1.0E+10	1E-30	1.0E-10	1.0E+10	1E-30	1.0E-10	1.0E+10	1E-30	1.0E-10	1.0E+10	1E-30	1.0E-10	1.0E+10	1E-30	1.0E-10	1.0E+10	1E-30	1.0E-10
48	0.000000000004	1.0E+10	1.0E+10	1E-30	0.000000000193	1.0E+10	1E-30	1.0E+10	0.24	2.76073750543768E-11	0.0000000000095	1.0E+10	1.38416186814602E-10	2.53288534390806E-12	0.235183939944025	1.0E+10	1E-30	1.0E-10	1.0E+10	1E-30	1.0E-10	1.0E+10	1E-30	1.0E-10	1.0E+10	1E-30	1.0E-10	1.0E+10	1E-30	1.0E-10	1.0E+10	1E-30	1.0E-10	1.0E+10	1E-30	1.0E-10	1.0E+10	1E-30	1.0E-10	1.0E+10	1E-30	1.0E-10	1.0E+10	1E-30	1.0E-10	1.0E+10	1E-30	1.0E-10	1.0E+10	1E-30	1.0E-10	1.0E+10	1E-30	1.0E-10
49	0.000000000004	1.0E+10	1.0E+10	1E-30	0.000000000193	1.0E+10	1E-30	1.0E+10	0.24	2.76073750543768E-11	0.0000000000095	1.0E+10	1.38416186814602E-10	2.53288534390806E-12	0.235183939944025	1.0E+10	1E-30	1.0E-10	1.0E+10	1E-30	1.0E-10	1.0E+10	1E-30	1.0E-10	1.0E+10	1E-30	1.0E-10	1.0E+10	1E-30	1.0E-10	1.0E+10	1E-30	1.0E-10	1.0E+10	1E-30	1.0E-10	1.0E+10	1E-30	1.0E-10	1.0E+10	1E-30	1.0E-10	1.0E+10	1E-30	1.0E-10	1.0E+10	1E-30	1.0E-10	1.0E+10	1E-30	1.0E-10	1.0E+10	1E-30	1.0E-10
50	0.0000000000047	1.0E+10	1.0E+10	1E-30	0.00000000021	1.0E+10	1E-30	1.0E+10	0.235	2.59817616331694E-11	9.55809840470777E-12	1.0E+10	9.8905437055882E-11	3.54472252869434E-12	0.311355196504461	1.0E+10	1E-30	1.0E-10	1.0E+10	1E-30	1.0E-10	1.0E+10	1E-30	1.0E-10	1.0E+10	1E-30	1.0E-10	1.0E+10	1E-30	1.0E-10	1.0E+10	1E-30	1.0E-10	1.0E+10	1E-30	1.0E-10	1.0E+10	1E-30	1.0E-10	1.0E+10	1E-30	1.0E-10	1.0E+10	1E-30	1.0E-10	1.0E+10	1E-30	1.0E-10	1.0E+10	1E-30	1.0E-10	1.0E+10	1E-30	1.0E-10
51	0.0000000000047	1.0E+10	1.0E+10	1E-30	0.00000000021	1.0E+10	1E-30	1.0E+10	0.235	2.59817616331694E-11	9.55809840470777E-12	1.0E+10	9.8905437055882E-11	3.54472252869434E-12	0.311355196504461	1.0E+10	1E-30	1.0E-10	1.0E+10	1E-30	1.0E-10	1.0E+10	1E-30	1.0E-10	1.0E+10	1E-30	1.0E-10	1.0E+10	1E-30	1.0E-10	1.0E+10	1E-30	1.0E-10	1.0E+10	1E-30	1.0E-10	1.0E+10	1E-30	1.0E-10	1.0E+10	1E-30	1.0E-10	1.0E+10	1E-30	1.0E-10	1.0E+10	1E-30	1.0E-10	1.0E+10	1E-30	1.0E-10	1.0E+10	1E-30	1.0E-10
52	0.0000000000047	1.0E+10	1.0E+10	1E-30	0.00000000021	1.0E+10	1E-30	1.0E+10	0.235	2.59817616331694E-11	9.55809840470777E-12	1.0E+10	9.8905437055882E-11	3.54472252869434E-12	0.311355196504461	1.0E+10	1E-30	1.0E-10	1.0E+10	1E-30	1.0E-10	1.0E+10	1E-30	1.0E-10	1.0E+10	1E-30	1.0E-10	1.0E+10	1E-30	1.0E-10	1.0E+10	1E-30	1.0E-10	1.0E+10	1E-30	1.0E-10	1.0E+10	1E-30	1.0E-10	1.0E+10	1E-30	1.0E-10	1.0E+10	1E-30	1.0E-10	1.0E+10	1E-30	1.0E-10	1.0E+10	1E-30	1.0E-10	1.0E+10	1E-30	1.0E-10
53	0.000000000005	1.0E+10	1.0E+10	1E-30	0.000000000185	1.0E+10	1E-30	1.0E+10	0.245	1E-30	4.47940024520775E-12	0.211086763542495	8.06953856402669E-12	3.07745272480084E-11	1.0E+10	1.06887505092149E-10	3.28001229554469E-12	0.573294425169457	1.0E+10	1E-30	1.0E-10	1.0E+10	1E-30	1.0E-10	1.0E+10	1E-30	1.0E-10	1.0E+10	1E-30	1.0E-10	1.0E+10	1E-30	1.0E-10	1.0E+10	1E-30	1.0E-10	1.0E+10	1E-30	1.0E-10	1.0E+10	1E-30	1.0E-10	1.0E+10	1E-30	1.0E-10	1.0E+10	1E-30	1.0E-10	1.0E+10	1E-30	1.0E-10	1.0E+10	1E-30	1.0E-10
54	0.000000000005	1.0E+10	1.0E+10	1E-30	0.000000000185	1.0E+10	1E-30	1.0E+10	0.245	1E-30	4.47940024520775E-12	0.211086763542495	8.06953856402669E-12	3.07745272480084E-11	1.0E+10	1.06887505092149E-10	3.28001229554469E-12	0.573294425169457	1.0E+10	1E-30	1.0E-10	1.0E+10	1E-30	1.0E-10	1.0E+10	1E-30	1.0E-10	1.0E+10	1E-30	1.0E-10	1.0E+10	1E-30	1.0E-10	1.0E+10	1E-30	1.0E-10	1.0E+10	1E-30	1.0E-10	1.0E+10	1E-30	1.0E-10	1.0E+10	1E-30	1.0E-10	1.0E+10	1E-30	1.0E-10	1.0E+10	1E-30	1.0E-10	1.0E+10	1E-30	1.0E-10
55	0.000000000005	1.0E+10	1.0E+10	1E-30	0.000000000185	1.0E+10	1E-30	1.0E+10	0.245	1E-30	4.47940024520775E-12	0.211086763542495	8.06953856402669E-12	3.07745272480084E-11	1.0E+10	1.06887505092149E-10	3.28001229554469E-12	0.573294425169457	1.0E+10	1E-30	1.0E-10	1.0E+10	1E-30	1.0E-10	1.0E+10	1E-30	1.0E-10	1.0E+10	1E-30	1.0E-10	1.0E+10	1E-30	1.0E-10	1.0E+10	1E-30	1.0E-10	1.0E+10	1E-30	1.0E-10	1.0E+10	1E-30	1.0E-10	1.0E+10	1E-30	1.0E-10	1.0E+10	1E-30	1.0E-10	1.0E+10	1E-30	1.0E-10	1.0E+10	1E-30	1.0E-10
56	0.0000000000056	1.0E+10	1.0E+10	1E-30	0.000000000215	1.0E+10	1E-30	1.0E+10	0.23	1E-30	3.1023579310253E-12	0.136448828388812	2.11414862694049E-10	1.65831449347867E-12	0.210810871412152	1.0E+10	1E-30	1.0E-10	1.0E+10	1E-30	1.0E-10	1.0E+10	1E-30	1.0E-10	1.0E+10	1E-30	1.0E-10	1.0E+10	1E-30	1.0E-10	1.0E+10	1E-30	1.0E-10	1.0E+10	1E-30	1.0E-10	1.0E+10	1E-30	1.0E-10	1.0E+10	1E-30	1.0E-10	1.0E+10	1E-30	1.0E-10	1.0E+10	1E-30	1.0E-10	1.0E+10	1E-30	1.0E-10	1.0E+10	1E-30	1.0E-10
57	0.0000000000056	1.0E+10	1.0E+10	1E-30	0.000000000215	1.0E+10	1E-30	1.0E+10	0.23	1E-30	3.1023579310253E-12	0.136448828388812	2.11414862694049E-10	1.65831449347867E-12	0.210810871412152	1.0E+10	1E-30	1.0E-10	1.0E+10	1E-30	1.0E-10	1.0E+10	1E-30	1.0E-10	1.0E+10	1E-30	1.0E-10	1.0E+10	1E-30	1.0E-10	1.0E+10	1E-30	1.0E-10	1.0E+10	1E-30	1.0E-10	1.0E+10	1E-30	1.0E-10	1.0E+10	1E-30	1.0E-10	1.0E+10	1E-30	1.0E-10	1.0E+10	1E-30	1.0E-10	1.0E+10	1E-30	1.0E-10	1.0E+10	1E-30	1.0E-10
58	0.0000000000056	1.0E+10	1.0E+10	1E-30	0.000000000215	1.0E+10	1E-30	1.0E+10	0.23	1E-30	3.1023579310253E-12	0.136448828388812	2.11414862694049E-10	1.65831449347867E-12	0.210810871412152	1.0E+10	1E-30	1.0E-10	1.0E+10	1E-30	1.0E-10	1.0E+10	1E-30	1.0E-10	1.0E+10	1E-30	1.0E-10	1.0E+10	1E-30	1.0E-10	1.0E+10	1E-30	1.0E-10	1.0E+10	1E-30	1.0E-10	1.0E+10	1E-30	1.0E-10	1.0E+10	1E-30	1.0E-10	1.0E+10	1E-30	1.0E-10	1.0E+10	1E-30	1.0E-10	1.0E+10	1E-30	1.0E-10	1.0E+10	1E-30	1.0E-10
59	0.0000000000056	1.0E+10	1.0E+10	1E-30	0.000000000215	1.0E+10	1E-30	1.0E+10	0.23	1E-30	3.1023579310253E-12	0.136448828388812	2.11414862694049E-10	1.65831449347867E-12	0.210810871412152	1.0E+10	1E-30	1.0E-10	1.0E+10	1E-30	1.0E-10	1.0E+10	1E-30	1.0E-10	1.0E+10	1E-30	1.0E-10	1.0E+10	1E-30	1.0E-10	1.0E+10	1E-30	1.0E-10	1.0E+10	1E-30	1.0E-10	1.0E+10	1E-30	1.0E-10	1.0E+10	1E-30	1.0E-10	1.0E+10	1E-30	1.0E-10	1.0E+10	1E-30	1.0E-10	1.0E+10	1E-30	1.0E-10	1.0E+10	1E-30	1.0E-10
60	0.000000000006	1.0E+10	1.0E+10	1E-30	0.000000000197	1.0E+10	1E-30	1.0E+10	0.23	2.13880893457584E-11	1.16109592775169E-11	1.0E+10	1.28805045572641E-10	2.7218835208177E-12	0.346015571330067	1.0E+10	1E-30	1.0E-10	1.0E+10	1E-30	1.0E-10	1.0E+10	1E-30	1.0E-10	1.0E+10	1E-30	1.0E-10	1.0E+10	1E-30	1.0E-10	1.0E+10	1E-30	1.0E-10	1.0E+10	1E-30	1.0E-10	1.0E+10	1E-30	1.0E-10	1.0E+10	1E-30	1.0E-10	1.0E+10	1E-30	1.0E-10	1.0E+10	1E-30	1.0E-10	1.0E+10	1E-30	1.0E-10	1.0E+10	1E-30	1.0E-10
61	0.000000000006	1.0E+10	1.0E+10	1E-30	0.000000000197	1.0E+10	1E-30	1.0E+10	0.23	2.13880893457584E-11	1.16109592775169E-11	1.0E+10	1.28805045572641E-10	2.7218835208177E-12	0.346015571330067	1.0E+10	1E-30	1.0E-10	1.0E+10	1E-30	1.0E-10	1.0E+10	1E-30	1.0E-10	1.0E+10	1E-30	1.0E-10	1.0E+10	1E-30	1.0E-10	1.0E+10	1E-30	1.0E-10	1.0E+10	1E-30	1.0E-10	1.0E+10	1E-30	1.0E-10	1.0E+10	1E-30	1.0E-10	1.0E+10	1E-30	1.0E-10	1.0E+10	1E-30	1.0E-10	1.0E+10	1E-30	1.0E-10	1.0E+10	1E-30	1.0E-10
62	0.000000000006	1.0E+10	1.0E+10	1E-30	0.000000000197	1.0E+10	1E-30	1.0E+10	0.23	2.13880893457584E-11	1.16109592775169E-11	1.0E+10	1.28805045572641E-10	2.7218835208177E-12	0.346015571330067	1.0E+10	1E-30	1.0E-10	1.0E+10	1E-30	1.0E-10	1.0E+10	1E-30	1.0E-10	1.0E+10	1E-30	1.0E-10	1.0E+10	1E-30	1.0E-10	1.0E+10	1E-30	1.0E-10	1.0E+10	1E-30	1.0E-10	1.0E+10	1E-30	1.0E-10	1.0E+10	1E-30	1.0E-10	1.0E+10	1E-30	1.0E-10	1.0E+10	1E-30	1.0E-10	1.0E+10	1E-30	1.0E-10	1.0E+10	1E-30	1.0E-10
63	0.000000000006	1.0E+10	1.0E+10	1E-30	0.000000000197	1.0E+10	1E-30	1.0E+10	0.23	2.13880893457584E-11	1.16109592775169E-11	1.0E+10	1.28805045572641E-10	2.7218835208177E-12	0.346015571330067	1.0E+10	1E-30	1.0E-10	1.0E+10	1E-30	1.0E-10	1.0E+10	1E-30	1.0E-10	1.0E+10	1E-30	1.0E-10	1.0E+10	1E-30	1.0E-10	1.0E+10	1E-30	1.0E-10	1.0E+10	1E-30	1.0E-10	1.0E+10	1E-30	1.0E-10	1.0E+10	1E-30	1.0E-10	1.0E+10	1E-30	1.0E-10	1.0E+10	1E-30	1.0E-10	1.0E+10	1E-30	1.0E-10	1.0E+10	1E-30	1.0E-10
64	0.0000000000068	1.0E+10	1.0E+10	1E-30	0.000000000196	1.0E+10	1E-30	1.0E+10	0.21	2.09043893317808E-11	1.1879621570191E-11	1.0E+10	1.22944083604698E-10	2.85164052358635E-12	0.280481744157116	1.0E+10	1E-30	1.0E-10	1.0E+10	1E-30	1.0E-10	1.0E+10	1E-30	1.0E-10	1.0E+10	1E-30	1.0E-10	1.0E+10	1E-30	1.0E-10	1.0E+10	1E-30	1.0E-10	1.0E+10	1E-30	1.0E-10	1.0E+10	1E-30	1.0E-10	1.0E+10	1E-30	1.0E-10	1.0E+10	1E-30	1.0E-10	1.0E+10	1E-30	1.0E-10	1.0E+10	1E-30	1.0E-10	1.0E+10	1E-30	1.0E-10
65	0.0000000000068	1.0E+10	1.0E+10	1E-30	0.000000000196	1.0E+10	1E-30	1.0E+10	0.21	2.09043893317808E-11	1.1879621570191E-11	1.0E+10	1.22944083604698E-10	2.85164052358635E-12	0.280481744157116	1.0E+10	1E-30	1.0E-10	1.0E+10	1E-30	1.0E-10	1.0E+10	1E-30	1.0E-10	1.0E+10	1E-30	1.0E-10	1.0E+10	1E-30	1.0E-10	1.0E+10	1E-30	1.0E-10	1.0E+10	1E-30	1.0E-10	1.0E+10	1E-30	1.0E-10	1.0E+10	1E-30	1.0E-10	1.0E+10	1E-30	1.0E-10	1.0E+10	1E-30	1.0E-10	1.0E+10	1E-30	1.0E-10	1.0E+10	1E-30	1.0E-10
66	0.0000000000068	1.0E+10	1.0E+10	1E-30	0.000000000196	1.0E+10	1E-30	1.0E+10	0.21	2.09043893317808E-11	1.1879621570191E-11	1.0E+10	1.22944083604698E-10	2.85164052358635E-12	0.280481744157116	1.0E+10	1E-30	1.0E-10	1.0E+10	1E-30	1.0E-10	1.0E+10	1E-30	1.0E-10	1.0E+10	1E-30	1.0E-10	1.0E+10	1E-30	1.0E-10	1.0E+10	1E-30	1.0E-10	1.0E+10	1E-30	1.0E-10	1.0E+10	1E-30	1.0E-10	1.0E+10	1E-30	1.0E-10	1.0E+10	1E-30	1.0E-10	1.0E+10	1E-30	1.0E-10	1.0E+10	1E-30	1.0E-10	1.0E+10	1E-30	1.0E-10
67	0.0000000000068	1.0E+10	1.0E+10	1E-30	0.000000000196	1.0E+10	1E-30	1.0E+10	0.21	2.09043893317808E-11	1.1879621570191E-11	1.0E+10	1.22944083604698E-10	2.85164052358635E-12	0.280481744157116	1.0E+10	1E-30	1.0E-10	1.0E+10	1E-30	1.0E-10	1.0E+10	1E-30	1.0E-10	1.0E+10	1E-30	1.0E-10	1.0E+10	1E-30	1.0E-10	1.0E+10	1E-30	1.0E-10	1.0E+10	1E-30	1.0E-10	1.0E+10	1E-30	1.0E-10	1.0E+10	1E-30	1.0E-10	1.0E+10	1E-30	1.0E-10	1.0E+10	1E-30	1.0E-10	1.0E+10	1E-30	1.0E-10	1.0E+10	1E-30	1.0E-10
68	0.000000000007	1.0E+10	1.0E+10	1E-30	0.00000000017	1.0E+10	1E-30	1.0E+10	0.205	1E-30	2.66433503387202E-12	5.58017024607618E-02	8.40233266082436E-12	2.9555629899701E-11	1.0E+10	9.72494781209947E-11	3.60508187515566E-12	0.427859729972975	1.0E+10	1E-30	1.0E-10	1.0E+10	1E-30	1.0E-10	1.0E+10	1E-30	1.0E-10	1.0E+10	1E-30	1.0E-10	1.0E+10	1E-30	1.0E-10	1.0E+10	1E-30	1.0E-10	1.0E+10	1E-30	1.0E-10	1.0E+10	1E-30	1.0E-10	1.0E+10	1E-30	1.0E-10	1.0E+10	1E-30	1.0E-10	1.0E+10	1E-30	1.0E-10	1.0E+10	1E-30	1.0E-10
69	0.000000000007	1.0E+10	1.0E+10	1E-30	0.00000000017	1.0E+10	1E-30	1.0E+10	0.205	1E-30	2.66433503387202E-12	5.58017024607618E-02	8.40233266082436E-12	2.9555629899701E-11	1.0E+10	9.72494781209947E-11	3.60508187515566E-12	0.427859729972975	1.0E+10	1E-30	1.0E-10	1.0E+10	1E-30	1.0E-10	1.0E+10	1E-30	1.0E-10	1.0E+10	1E-30	1.0E-10	1.0E+10	1E-30	1.0E-10	1.0E+10	1E-30	1.0E-10	1.0E+10	1E-30	1.0E-10	1.0E+10	1E-30	1.0E-10	1.0E+10	1E-30	1.0E-10	1.0E+10	1E-30	1.0E-10	1.0E+10	1E-30	1.0E-10	1.0E+10	1E-30	1.0E-10
70	0.000000000007	1.0E+10	1.0E+10	1E-30	0.00000000017	1.0E+10	1E-30	1.0E+10	0.205	1E-30	2.66433503387202E-12	5.58017024607618E-02	8.40233266082436E-12	2.9555629899701E-11	1.0E+10	9.72494781209947E-11	3.60508187515566E-12	0.427859729972975	1.0E+10	1E-30	1.0E-10	1.0E+10	1E-30	1.0E-10	1.0E+10	1E-30	1.0E-10	1.0E+10	1E-30	1.0E-10	1.0E+10	1E-30	1.0E-10	1.0E+10	1E-30	1.0E-10	1.0E+10	1E-30	1.0E-10	1.0E+10	1E-30	1.0E-10	1.0E+10	1E-30	1.0E-10	1.0E+10	1E-30	1.0E-10	1.0E+10	1E-30	1.0E-10	1.0E+10	1E-30	1.0E-10
71	0.000000000007	1.0E+10	1.0E+10	1E-30	0.00000000017	1.0E+10	1E-30	1.0E+10	0.205	1E-30	2.66433503387202E-12	5.58017024607618E-02	8.40233266082436E-12	2.9555629899701E-11	1.0E+10	9.72494781209947E-11	3.60508187515566E-12	0.427859729972975	1.0E+10	1E-30	1.0E-10	1.0E+10	1E-30	1.0E-10	1.0E+10	1E-30	1.0E-10	1.0E+10	1E-30	1.0E-10	1.0E+10	1E-30	1.0E-10	1.0E+10	1E-30	1.0E-10	1.0E+10	1E-30	1.0E-10	1.0E+10	1E-30	1.0E-10	1.0E+10	1E-30	1.0E-10	1.0E+10	1E-30	1.0E-10	1.0E+10	1E-30	1.0E-10	1.0E+10	1E-30	1.0E-10
72	0.000000000008	1.0E+10	1.0E+10	1E-30	0.000000000177	1.0E+10	1E-30	1.0E+10	0.2	1E-30	2.0099031502548E-12	0.094714454569012	1.04040588643141E-11	2.38691685289563E-11	1.0E+10	1.28627288486972E-10	2.72564504053783E-12	0.436492221442785	1.0E+10	1E-30	1.0E-10	1.0E+10	1E-30	1.0E-10	1.0E+10	1E-30	1.0E-10	1.0E+10	1E-30	1.0E-10	1.0E+10	1E-30	1.0E-10	1.0E+10	1E-30	1.0E-10	1.0E+10	1E-30	1.0E-10	1.0E+10	1E-30	1.0E-10	1.0E+10	1E-30	1.0E-10	1.0E+10	1E-30	1.0E-10	1.0E+10	1E-30	1.0E-10	1.0E+10	1E-30	1.0E-10
73	0.000000000008	1.0E+10	1.0E+10	1E-30	0.000000000177	1.0E+10	1E-30	1.0E+10	0.2	1E-30	2.0099031502548E-12	0.094714454569012	1.04040588643141E-11	2.38691685289563E-11	1.0E+10	1.28627288486972E-10	2.72564504053783E-12	0.436492221442785	1.0E+10	1E-30	1.0E-10	1.0E+10	1E-30	1.0E-10	1.0E+10	1E-30	1.0E-10	1.0E+10	1E-30	1.0E-10	1.0E+10	1E-30	1.0E-10	1.0E+10	1E-30	1.0E-10	1.0E+10	1E-30	1.0E-10	1.0E+10	1E-30	1.0E-10	1.0E+10	1E-30	1.0E-10	1.0E+10	1E-30	1.0E-10	1.0E+10	1E-30	1.0E-10	1.0E+10	1E-30	1.0E-10
74	0.000000000008	1.0E+10	1.0E+10	1E-30	0.000000000177	1.0E+10	1E-30	1.0E+10	0.2	1E-30	2.0099031502548E-12	0.094714454569012	1.04040588643141E-11	2.38691685289563E-11	1.0E+10	1.28627288486972E-10	2.72564504053783E-12	0.436492221442785	1.0E+10	1E-30	1.0E-10	1.0E+10	1E-30	1.0E-10	1.0E+10	1E-30	1.0E-10	1.0E+10	1E-30	1.0E-10	1.0E+10	1E-30	1.0E-10	1.0E+10	1E-30	1.0E-10	1.0E+10	1E-30	1.0E-10	1.0E+10	1E-30	1.0E-10	1.0E+10	1E-30	1.0E-10	1.0E+10	1E-30	1.0E-10	1.0E+10	1E-30	1.0E-10	1.0E+10	1E-30	1.0E-10
75	0.000000000008	1.0E+10	1.0E+10	1E-30	0.000000000177	1.0E+10	1E-30	1.0E+10	0.2	1E-30	2.0099031502548E-12	0.094714454569012	1.04040588643141E-11	2.38691685289563E-11	1.0E+10	1.28627288486972E-10	2.72564504053783E-12	0.436492221442785	1.0E+10	1E-30	1.0E-10	1.0E+10	1E-30	1.0E-10	1.0E+10	1E-30	1.0E-10	1.0E+10	1E-30	1.0E-10	1.0E+10	1E-30	1.0E-10	1.0E+10	1E-30	1.0E-10	1.0E+10	1E-30	1.0E-10	1.0E+10	1E-30	1.0E-10	1.0E+10	1E-30	1.0E-10	1.0E+10	1E-30	1.0E-10	1.0E+10	1E-30	1.0E-10	1.0E+10	1E-30	1.0E-10
76	0.0000000000082	1.0E+10	1.0E+10	1E-30	0.000000000188	1.0E+10	1E-30	1.0E+10	0.22	7.31015566287573E-12	2.71771213495393E-11	1.0E+10	9.86233033354492E-11	3.55486298963105E-12	0.312245896744617	1.0E+10	1E-30	1.0E-10	1.0E+10	1E-30	1.0E-10	1.0E+10	1E-30	1.0E-10	1.0E+10	1E-30	1.0E-10	1.0E+10	1E-30	1.0E-10	1.0E+10	1E-30	1.0E-10	1.0E+10	1E-30	1.0E-10	1.0E+10	1E-30	1.0E-10	1.0E+10	1E-30	1.0E-10	1.0E+10	1E-30	1.0E-10	1.0E+10	1E-30	1.0E-10	1.0E+10	1E-30	1.0E-10	1.0E+10	1E-30	1.0E-10
77	0.0000000000082	1.0E+10	1.0E+10	1E-30	0.000000000188	1.0E+10	1E-30	1.0E+10	0.22	7.31015566287573E-12	2.71771213495393E-11	1.0E+10	9.86233033354492E-11	3.55486298963105E-12	0.312245896744617	1.0E+10	1E-30	1.0E-10	1.0E+10	1E-30	1.0E-10	1.0E+10	1E-30	1.0E-10	1.0E+10	1E-30	1.0E-10	1.0E+10	1E-30	1.0E-10	1.0E+10	1E-30	1.0E-10	1.0E+10	1E-30	1.0E-10	1.0E+10	1E-30	1.0E-10	1.0E+10	1E-30	1.0E-10	1.0E+10	1E-30	1.0E-10	1.0E+10	1E-30	1.0E-10	1.0E+10	1E-30	1.0E-10	1.0E+10	1E-30	1.0E-10
78	0.0000000000082	1.0E+10	1.0E+10	1E-30	0.000000000188	1.0E+10	1E-30	1.0E+10	0.22	7.31015566287573E-12	2.71771213495393E-11	1.0E+10	9.86233033354492E-11	3.55486298963105E-12	0.312245896744617	1.0E+10	1E-30	1.0E-10	1.0E+10	1E-30	1.0E-10	1.0E+10	1E-30	1.0E-10	1.0E+10	1E-30	1.0E-10	1.0E+10	1E-30	1.0E-10	1.0E+10	1E-30	1.0E-10	1.0E+10	1E-30	1.0E-10	1.0E+10	1E-30	1.0E-10	1.0E+10	1E-30	1.0E-10	1.0E+10	1E-30	1.0E-10	1.0E+10	1E-30	1.0E-10	1.0E+10	1E-30	1.0E-10	1.0E+10	1E-30	1.0E-10
79	0.0000000000082	1.0E+10	1.0E+10	1E-30	0.000000000188	1.0E+10	1E-30	1.0E+10	0.22	7.31015566287573E-12	2.71771213495393E-11	1.0E+10	9.86233033354492E-11	3.55486298963105E-12	0.312245896744617	1.0E+10	1E-30	1.0E-10	1.0E+10	1E-30	1.0E-10	1.0E+10	1E-30	1.0E-10	1.0E+10	1E-30	1.0E-10	1.0E+10	1E-30	1.0E-10	1.0E+10	1E-30	1.0E-10	1.0E+10	1E-30	1.0E-10	1.0E+10	1E-30	1.0E-10	1.0E+10	1E-30	1.0E-10	1.0E+10	1E-30	1.0E-10	1.0E+10	1E-30	1.0E-10	1.0E+10	1E-30	1.0E-10	1.0E+10	1E-30	1.0E-10
80	0.000000000009	1.0E+10	1.0E+10	1E-30	0.000000000186	1.0E+10	1E-30	1.0E+10	0.185	1E-30	4.55353802117686E-12	0.154974750614353	7.39701062238256E-12	3.09900118922331E-11	1.0E+10	1.41992469887046E-10	2.46909101039821E-12	0.52540729542681	1.0E+10	1E-30	1.0E-10	1.0E+10	1E-30	1.0E-10	1.0E+10	1E-30	1.0E-10	1.0E+10	1E-30	1.0E-10	1.0E+10	1E-30	1.0E-10	1.0E+10	1E-30	1.0E-10	1.0E+10	1E-30	1.0E-10	1.0E+10	1E-30	1.0E-10	1.0E+10	1E-30	1.0E-10	1.0E+10	1E-30	1.0E-10	1.0E+10	1E-30	1.0E-10	1.0E+10	1E-30	1.0E-10
81	0.000000000009	1.0E+10	1.0E+10	1E-30	0.000000000186	1.0E+10	1E-30	1.0E+10	0.185	1E-30	4.55353802117686E-12	0.154974750614353	7.39701062238256E-12	3.09900118922331E-11	1.0E+10	1.41992469887046E-10	2.46909101039821E-12	0.52540729542681	1.0E+10	1E-30	1.0E-10	1.0E+10	1E-30	1.0E-10	1.0E+10	1E-30	1.0E-10	1.0E+10	1E-30	1.0E-10	1.0E+10	1E-30	1.0E-10	1.0E+10	1E-30	1.0E-10	1.0E+10	1E-30	1.0E-10	1.0E+10	1E-30	1.0E-10	1.0E+10	1E-30	1.0E-10	1.0E+10	1E-30	1.0E-10	1.0E+10	1E-30	1.0E-10	1.0E+10	1E-30	1.0E-10
82	0.000000000009	1.0E+10	1.0E+10	1E-30	0.000000000186	1.0E+10	1E-30	1.0E+10	0.185	1E-30	4.55353802117686E-12	0.154974750614353	7.39701062238256E-12	3.09900118922331E-11	1.0E+10	1.41992469887046E-10	2.46909101039821E-12	0.52540729542681	1.0E+10	1E-30	1.0E-10	1.0E+10	1E-30	1.0E-10	1.0E+10	1E-30	1.0E-10	1.0E+10	1E-30	1.0E-10	1.0E+10	1E-30	1.0E-10	1.0E+10	1E-30	1.0E-10	1.0E+10	1E-30	1.0E-10	1.0E+10	1E-30	1.0E-10	1.0E+10	1E-30	1.0E-10	1.0E+10	1E-30	1.0E-10	1.0E+10	1E-30	1.0E-10	1.0E+10	1E-30	1.0E-10
83	0.000000000009	1.0E+10	1.0E+10	1E-30	0.000000000186	1.0E+10	1E-30	1.0E+10	0.185	1E-30	4.55353802117686E-12	0.154974750614353	7.39701062238256E-12	3.09900118922331E-11	1.0E+10	1.41992469887046E-10	2.46909101039821E-12	0.52540729542681	1.0E+10	1E-30	1.0E-10	1.0E+10	1E-30	1.0E-10	1.0E+10	1E-30	1.0E-10	1.0E+10	1E-30	1.0E-10	1.0E+10	1E-30	1.0E-10	1.0E+10	1E-30	1.0E-10	1.0E+10	1E-30	1.0E-10	1.0E+10	1E-30	1.0E-10	1.0E+10	1E-30	1.0E-10	1.0E+10	1E-30	1.0E-10	1.0E+10	1E-30	1.0E-10	1.0E+10	1E-30	1.0E-10
84	0.00000000001	1.0E+10	1.0E+10	1E-30	1.50171048514204E-10	1.0E+10	1E-30	1.0E+10	0.130760674279983	1E-30	6.43153295893738E-12	0.116359694138211	4.48641602329407E-09	2.1952726176932E-13	8.20835649297428E-02	6.84009670063447E-11	4.32697376414374E-12	0.489369203629552	4.24173170010309E-12	5.09913953867424E-11	100000	1.0E+10	1E-30	1.0E-10	1.0E+10	1E-30	1.0E-10	1.0E+10	1E-30	1.0E-10	1.0E+10	1E-30	1.0E-10	1.0E+10	1E-30	1.0E-10	1.0E+10	1E-30	1.0E-10	1.0E+10	1E-30	1.0E-10	1.0E+10	1E-30	1.0E-10	1.0E+10	1E-30	1.0E-10	1.0E+10	1E-30	1.0E-10	1.0E+10	1E-30	1.0E-10
85	0.00000000001	1.0E+10	1.0E+10	1E-30	1.50171048514204E-10	1.0E+10	1E-30	1.0E+10	0.130760674279983	1E-30	6.43153295893738E-12	0.116359694138211	4.48641602329407E-09	2.1952726176932E-13	8.20835649297428E-02	6.84009670063447E-11	4.32697376414374E-12	0.489369203629552	4.24173170010309E-12	5.09913953867424E-11	100000	1.0E+10	1E-30	1.0E-10	1.0E+10	1E-30	1.0E-10	1.0E+10	1E-30	1.0E-10	1.0E+10	1E-30	1.0E-10	1.0E+10	1E-30	1.0E-10	1.0E+10	1E-30	1.0E-10	1.0E+10	1E-30	1.0E-10	1.0E+10	1E-30	1.0E-10	1.0E+10	1E-30	1.0E-10	1.0E+10	1E-30	1.0E-10	1.0E+10	1E-30	1.0E-10
86	0.000000000012	1.0E+10	1.0E+10	1E-30	2.00659160351232E-10	1.0E+10	1E-30	1.0E+10	9.05632195336702E-02	1E-30	1.10409512306635E-11	0.159951662800826	1.35851838376249E-10	2.83415431481131E-12	0.279701387368189	2.27563329559098E-11	1.09128406100686E-11	100000	1.0E+10	1E-30	1.0E-10	1.0E+10	1E-30	1.0E-10	1.0E+10	1E-30	1.0E-10	1.0E+10	1E-30	1.0E-10	1.0E+10	1E-30	1.0E-10	1.0E+10	1E-30	1.0E-10	1.0E+10	1E-30	1.0E-10	1.0E+10	1E-30	1.0E-10	1.0E+10	1E-30	1.0E-10	1.0E+10	1E-30	1.0E-10	1.0E+10	1E-30	1.0E-10	1.0E+10	1E-30	1.0E-10
87	0.000000000012	1.0E+10	1.0E+10	1E-30	2.00659160351232E-10	1.0E+10	1E-30	1.0E+10	9.05632195336702E-02	1E-30	1.10409512306635E-11	0.159951662800826	1.35851838376249E-10	2.83415431481131E-12	0.279701387368189	2.27563329559098E-11	1.09128406100686E-11	100000	1.0E+10	1E-30	1.0E-10	1.0E+10	1E-30	1.0E-10	1.0E+10	1E-30	1.0E-10	1.0E+10	1E-30	1.0E-10	1.0E+10	1E-30	1.0E-10	1.0E+10	1E-30	1.0E-10	1.0E+10	1E-30	1.0E-10	1.0E+10	1E-30	1.0E-10	1.0E+10	1E-30	1.0E-10	1.0E+10	1E-30	1.0E-10	1.0E+10	1E-30	1.0E-10	1.0E+10	1E-30	1.0E-10
88	0.000000000015	1.0E+10	1.0E+10	1E-30	1.52780541284058E-10	1.0E+10	1E-30	1.0E+10	0.11	1E-30	1.07980631419666E-11	0.139132326670813	4.98297821535729E-11	6.74246620496735E-12	1.88075031452697	4.79652994922054E-12	4.30638576277625E-11	100000	1.0E+10	1E-30	1.0E-10	1.0E+10	1E-30	1.0E-10	1.0E+10	1E-30	1.0E-10	1.0E+10	1E-30	1.0E-10	1.0E+10	1E-30	1.0E-10	1.0E+10	1E-30	1.0E-10	1.0E+10	1E-30	1.0E-10	1.0E+10	1E-30	1.0E-10	1.0E+10	1E-30	1.0E-10	1.0E+10	1E-30	1.0E-10	1.0E+10	1E-30	1.0E-10	1.0E+10	1E-30	1.0E-10
89	0.000000000015	1.0E+10	1.0E+10	1E-30	1.52780541284058E-10	1.0E+10	1E-30	1.0E+10	0.11	1E-30	1.07980631419666E-11	0.139132326670813	4.98297821535729E-11	6.74246620496735E-12	1.88075031452697	4.79652994922054E-12	4.30638576277625E-11	100000	1.0E+10	1E-30	1.0E-10	1.0E+10	1E-30	1.0E-10	1.0E+10	1E-30	1.0E-10	1.0E+10	1E-30	1.0E-10	1.0E+10	1E-30	1.0E-10	1.0E+10	1E-30	1.0E-10	1.0E+10	1E-30	1.0E-10	1.0E+10	1E-30	1.0E-10	1.0E+10	1E-30	1.0E-10	1.0E+10	1E-30	1.0E-10	1.0E+10	1E-30	1.0E-10	1.0E+10	1E-30	1.0E-10
90	0.000000000018	1.0E+10	1.0E+10	1E-30	1.92592323319318E-10	1.0E+10	1E-30	1.0E+10	0.144320424520732	1E-30	1.10615072763674E-11	0.163941684594533	1.45316432254134E-11	1.74794229920968E-11	4.33095182333378	1.34246964269848E-11	1.84984618287768E-11	100000	1.0E+10	1E-30	1.0E-10	1.0E+10	1E-30	1.0E-10	1.0E+10	1E-30	1.0E-10	1.0E+10	1E-30	1.0E-10	1.0E+10	1E-30	1.0E-10	1.0E+10	1E-30	1.0E-10	1.0E+10	1E-30	1.0E-10	1.0E+10	1E-30	1.0E-10	1.0E+10	1E-30	1.0E-10	1.0E+10	1E-30	1.0E-10	1.0E+10	1E-30	1.0E-10	1.0E+10	1E-30	1.0E-10
91	0.000000000018	1.0E+10	1.0E+10	1E-30	1.92592323319318E-10	1.0E+10	1E-30	1.0E+10	0.144320424520732	1E-30	1.10615072763674E-11	0.163941684594533	1.45316432254134E-11	1.74794229920968E-11	4.33095182333378	1.34246964269848E-11	1.84984618287768E-11	100000	1.0E+10	1E-30	1.0E-10	1.0E+10	1E-30	1.0E-10	1.0E+10	1E-30	1.0E-10	1.0E+10	1E-30	1.0E-10	1.0E+10	1E-30	1.0E-10	1.0E+10	1E-30	1.0E-10	1.0E+10	1E-30	1.0E-10	1.0E+10	1E-30	1.0E-10	1.0E+10	1E-30	1.0E-10	1.0E+10	1E-30	1.0E-10	1.0E+10	1E-30	1.0E-10	1.0E+10	1E-30	1.0E-10
92	0.000000000022	1.0E+10	1.0E+10	1E-30	1.79501484396978E-10	1.0E+10	1E-30	1.0E+10	0.14	1E-30	1.11263560653429E-11	0.189333750612333	7.34557685553364E-11	4.50663715008524E-12	0.416055933749273	5.66207055823961E-12	4.09321742691092E-11	100000	1.0E+10	1E-30	1.0E-10	1.0E+10	1E-30	1.0E-10	1.0E+10	1E-30	1.0E-10	1.0E+10	1E-30	1.0E-10	1.0E+10	1E-30	1.0E-10	1.0E+10	1E-30	1.0E-10	1.0E+10	1E-30	1.0E-10	1.0E+10	1E-30	1.0E-10	1.0E+10	1E-30	1.0E-10	1.0E+10	1E-30	1.0E-10	1.0E+10	1E-30	1.0E-10	1.0E+10	1E-30	1.0E-10
93	0.000000000022	1.0E+10	1.0E+10	1E-30	1.79501484396978E-10	1.0E+10	1E-30	1.0E+10	0.14	1E-30	1.11263560653429E-11	0.189333750612333	7.34557685553364E-11	4.50663715008524E-12	0.416055933749273	5.66207055823961E-12	4.09321742691092E-11	100000	1.0E+10	1E-30	1.0E-10	1.0E+10	1E-30	1.0E-10	1.0E+10	1E-30	1.0E-10	1.0E+10	1E-30	1.0E-10	1.0E+10	1E-30	1.0E-10	1.0E+10	1E-30	1.0E-10	1.0E+10	1E-30	1.0E-10	1.0E+10	1E-30	1.0E-10	1.0E+10	1E-30	1.0E-10	1.0E+10	1E-30	1.0E-10	1.0E+10	1E-30	1.0E-10	1.0E+10	1E-30	1.0E-10
94	0.000000000027	1.0E+10	1.0E+10	1E-30	1.94633703916543E-10	1.0E+10	1E-30	1.0E+10	0.121235519438198	1.65176517950239E-11	1.82822869662232E-11	100000	2.36404760264897E-11	1.20724667792609E-11	1.40657830424224	1.0E+10	1E-30	1.0E-10	1.0E+10	1E-30	1.0E-10	1.0E+10	1E-30	1.0E-10	1.0E+10	1E-30	1.0E-10	1.0E+10	1E-30	1.0E-10	1.0E+10	1E-30	1.0E-10	1.0E+10	1E-30	1.0E-10	1.0E+10	1E-30	1.0E-10	1.0E+10	1E-30	1.0E-10	1.0E+10	1E-30	1.0E-10	1.0E+10	1E-30	1.0E-10	1.0E+10	1E-30	1.0E-10	1.0E+10	1E-30	1.0E-10
95	0.000000000027	1.0E+10	1.0E+10	1E-30	1.94633703916543E-10	1.0E+10	1E-30	1.0E+10	0.121235519438198	1.65176517950239E-11	1.82822869662232E-11	100000	2.36404760264897E-11	1.20724667792609E-11	1.40657830424224	1.0E+10	1E-30	1.0E-10	1.0E+10	1E-30	1.0E-10	1.0E+10	1E-30	1.0E-10	1.0E+10	1E-30	1.0E-10	1.0E+10	1E-30	1.0E-10	1.0E+10	1E-30	1.0E-10	1.0E+10	1E-30	1.0E-10	1.0E+10	1E-30	1.0E-10	1.0E+10	1E-30	1.0E-10	1.0E+10	1E-30	1.0E-10	1.0E+10	1E-30	1.0E-10	1.0E+10	1E-30	1.0E-10	1.0E+10	1E-30	1.0E-10
96	0.000000000033	1.0E+10	1.0E+10	1E-30	1.10679718105893E-10	1.0E+10	1E-30	1.0E+10	0.12	1E-30	1.20396424052328E-11	0.151111277286626	2.85614148438777E-09	3.47619672449603E-13	0.132981957285661	1.38796520500366E-09	4.78170962539226E-13	0.16785406439344	6.33311488817337E-11	5.34486119417129E-12	1.24190620938545	1.75627537907843E-12	9.55977076617221E-11	100000	1.0E+10	1E-30	1.0E-10	1.0E+10	1E-30	1.0E-10	1.0E+10	1E-30	1.0E-10	1.0E+10	1E-30	1.0E-10	1.0E+10	1E-30	1.0E-10	1.0E+10	1E-30	1.0E-10	1.0E+10	1E-30	1.0E-10	1.0E+10	1E-30	1.0E-10	1.0E+10	1E-30	1.0E-10	1.0E+10	1E-30	1.0E-10
97	0.000000000033	1.0E+10	1.0E+10	1E-30	1.10679718105893E-10	1.0E+10	1E-30	1.0E+10	0.12	1E-30	1.20396424052328E-11	0.151111277286626	2.85614148438777E-09	3.47619672449603E-13	0.132981957285661	1.38796520500366E-09	4.78170962539226E-13	0.16785406439344	6.33311488817337E-11	5.34486119417129E-12	1.24190620938545	1.75627537907843E-12	9.55977076617221E-11	100000	1.0E+10	1E-30	1.0E-10	1.0E+10	1E-30	1.0E-10	1.0E+10	1E-30	1.0E-10	1.0E+10	1E-30	1.0E-10	1.0E+10	1E-30	1.0E-10	1.0E+10	1E-30	1.0E-10	1.0E+10	1E-30	1.0E-10	1.0E+10	1E-30	1.0E-10	1.0E+10	1E-30	1.0E-10	1.0E+10	1E-30	1.0E-10
98	0.000000000039	1.0E+10	1.0E+10	1E-30	1.52775020976403E-10	1.0E+10	1E-30	1.0E+10	0.107020446210049	1E-30	7.90493078100724E-12	9.03365229186323E-02	5.64507346636367E-10	1.54203218708029E-12	0.358108696999623	3.51882283567939E-11	9.99793629442155E-12	2.85379471895947	3.51960227588588E-12	5.47704742782298E-11	100000	1.0E+10	1E-30	1.0E-10	1.0E+10	1E-30	1.0E-10	1.0E+10	1E-30	1.0E-10	1.0E+10	1E-30	1.0E-10	1.0E+10	1E-30	1.0E-10	1.0E+10	1E-30	1.0E-10	1.0E+10	1E-30	1.0E-10	1.0E+10	1E-30	1.0E-10	1.0E+10	1E-30	1.0E-10	1.0E+10	1E-30	1.0E-10	1.0E+10	1E-30	1.0E-10
99	0.000000000039	1.0E+10	1.0E+10	1E-30	1.52775020976403E-10	1.0E+10	1E-30	1.0E+10	0.107020446210049	1E-30	7.90493078100724E-12	9.03365229186323E-02	5.64507346636367E-10	1.54203218708029E-12	0.358108696999623	3.51882283567939E-11	9.99793629442155E-12	2.85379471895947	3.51960227588588E-12	5.47704742782298E-11	100000	1.0E+10	1E-30	1.0E-10	1.0E+10	1E-30	1.0E-10	1.0E+10	1E-30	1.0E-10	1.0E+10	1E-30	1.0E-10	1.0E+10	1E-30	1.0E-10	1.0E+10	1E-30	1.0E-10	1.0E+10	1E-30	1.0E-10	1.0E+10	1E-30	1.0E-10	1.0E+10	1E-30	1.0E-10	1.0E+10	1E-30	1.0E-10	1.0E+10	1E-30	1.0E-10
100	0.000000000047	1.0E+10	1.0E+10	1E-30	5.19371037757669E-11	1.0E+10	1E-30	1.0E+10	0.12	1E-30	3.81612957040115E-11	5.45741146652341	1.02300864855862E-09	1.0105305283932E-12	0.377423810580183	7.5725540957084E-11	5.5261207320756E-12	1.98553487248147	8.23289687498095E-13	1.27987159523227E-10	100000	1.0E+10	1E-30	1.0E-10	1.0E+10	1E-30	1.0E-10	1.0E+10	1E-30	1.0E-10	1.0E+10	1E-30	1.0E-10	1.0E+10	1E-30	1.0E-10	1.0E+10	1E-30	1.0E-10	1.0E+10	1E-30	1.0E-10	1.0E+10	1E-30	1.0E-10	1.0E+10	1E-30	1.0E-10	1.0E+10	1E-30	1.0E-10	1.0E+10	1E-30	1.0E-10
101	0.000000000047	1.0E+10	1.0E+10	1E-30	5.19371037757669E-11	1.0E+10	1E-30	1.0E+10	0.12	1E-30	3.81612957040115E-11	5.45741146652341	1.02300864855862E-09	1.0105305283932E-12	0.377423810580183	7.5725540957084E-11	5.5261207320756E-12	1.98553487248147	8.23289687498095E-13	1.27987159523227E-10	100000	1.0E+10	1E-30	1.0E-10	1.0E+10	1E-30	1.0E-10	1.0E+10	1E-30	1.0E-10	1.0E+10	1E-30	1.0E-10	1.0E+10	1E-30	1.0E-10	1.0E+10	1E-30	1.0E-10	1.0E+10	1E-30	1.0E-10	1.0E+10	1E-30	1.0E-10	1.0E+10	1E-30	1.0E-10	1.0E+10	1E-30	1.0E-10	1.0E+10	1E-30	1.0E-10
102	0.000000000056	1.0E+10	1.0E+10	1E-30	1.8489935816779E-10	1.0E+10	1E-30	1.0E+10	0.100493316534932	1E-30	1.58209884964828E-11	0.189065887721791	1.14634273848633E-09	9.5625331646145E-13	0.241194813975832	9.59280438075882E-11	4.67054375283554E-12	1.10578737599621	5.12308915801242E-13	3.85042064697257E-11	100000	1.0E+10	1E-30	1.0E-10	1.0E+10	1E-30	1.0E-10	1.0E+10	1E-30	1.0E-10	1.0E+10	1E-30	1.0E-10	1.0E+10	1E-30	1.0E-10	1.0E+10	1E-30	1.0E-10	1.0E+10	1E-30	1.0E-10	1.0E+10	1E-30	1.0E-10	1.0E+10	1E-30	1.0E-10	1.0E+10	1E-30	1.0E-10	1.0E+10	1E-30	1.0E-10
103	0.000000000056	1.0E+10	1.0E+10	1E-30	8.61062509082071E-11	1.0E+10	1E-30	1.0E+10	0.11	9.35439476295499E-10	8.59098712244034E-12	6.49589508817864E-02	4.27729463275256E-11	1.10709423954075E-11	2.40319065836128	4.0562373116395E-11	7.91981815533934E-12	3.26975738975288	1.68487903484098E-12	1.1707694061345E-10	100000	1.0E+10	1E-30	1.0E-10	1.0E+10	1E-30	1.0E-10	1.0E+10	1E-30	1.0E-10	1.0E+10	1E-30	1.0E-10	1.0E+10	1E-30	1.0E-10	1.0E+10	1E-30	1.0E-10	1.0E+10	1E-30	1.0E-10	1.0E+10	1E-30	1.0E-10	1.0E+10	1E-30	1.0E-10	1.0E+10	1E-30	1.0E-10	1.0E+10	1E-30	1.0E-10
104	0.000000000056	1.0E+10	1.0E+10	1E-30	1.8489935816779E-10	1.0E+10	1E-30	1.0E+10	0.100493316534932	1E-30	1.58209884964828E-11	0.189065887721791	1.14634273848633E-09	9.5625331646145E-13	0.241194813975832	9.59280438075882E-11	4.67054375283554E-12	1.10578737599621	5.12308915801242E-13	3.85042064697257E-11	100000	1.0E+10	1E-30	1.0E-10	1.0E+10	1E-30	1.0E-10	1.0E+10	1E-30	1.0E-10	1.0E+10	1E-30	1.0E-10	1.0E+10	1E-30	1.0E-10	1.0E+10	1E-30	1.0E-10	1.0E+10	1E-30	1.0E-10	1.0E+10	1E-30	1.0E-10	1.0E+10	1E-30	1.0E-10	1.0E+10	1E-30	1.0E-10	1.0E+10	1E-30	1.0E-10
105	0.000000000056	1.0E+10	1.0E+10	1E-30	1.8489935816779E-10	1.0E+10	1E-30	1.0E+10	0.100493316534932	1E-30	1.58209884964828E-11	0.189065887721791	1.14634273848633E-09	9.5625331646145E-13	0.241194813975832	9.59280438075882E-11	4.67054375283554E-12	1.10578737599621	5.12308915801242E-13	3.85042064697257E-11	100000	1.0E+10	1E-30	1.0E-10	1.0E+10	1E-30	1.0E-10	1.0E+10	1E-30	1.0E-10	1.0E+10	1E-30	1.0E-10	1.0E+10	1E-30	1.0E-10	1.0E+10	1E-30	1.0E-10	1.0E+10	1E-30	1.0E-10	1.0E+10	1E-30	1.0E-10	1.0E+10	1E-30	1.0E-10	1.0E+10	1E-30	1.0E-10	1.0E+10	1E-30	1.0E-10
106	0.000000000068	1.0E+10	1.0E+10	1E-30	1.3279482222569E-10	1.0E+10	1E-30	1.0E+10	9.27892937322236E-02	1E-30	1.18442879391233E-11	0.109914973701338	8.64814404696546E-10	1.65837231073207E-12	0.289041090258363	8.10778601542625E-11	7.27221639120618E-12	1.5557645445892	1.205050595827E-10	2.75097261880351E-12	0.906555007794504	2.88303247045238E-12	6.84211796865303E-11	100000	1.0E+10	1E-30	1.0E-10	1.0E+10	1E-30	1.0E-10	1.0E+10	1E-30	1.0E-10	1.0E+10	1E-30	1.0E-10	1.0E+10	1E-30	1.0E-10	1.0E+10	1E-30	1.0E-10	1.0E+10	1E-30	1.0E-10	1.0E+10	1E-30	1.0E-10	1.0E+10	1E-30	1.0E-10	1.0E+10	1E-30	1.0E-10
107	0.000000000068	1.0E+10	1.0E+10	1E-30	1.3279482222569E-10	1.0E+10	1E-30	1.0E+10	9.27892937322236E-02	1E-30	1.18442879391233E-11	0.109914973701338	8.64814404696546E-10	1.65837231073207E-12	0.289041090258363	8.10778601542625E-11	7.27221639120618E-12	1.5557645445892	1.205050595827E-10	2.75097261880351E-12	0.906555007794504	2.88303247045238E-12	6.84211796865303E-11	100000	1.0E+10	1E-30	1.0E-10	1.0E+10	1E-30	1.0E-10	1.0E+10	1E-30	1.0E-10	1.0E+10	1E-30	1.0E-10	1.0E+10	1E-30	1.0E-10	1.0E+10	1E-30	1.0E-10	1.0E+10	1E-30	1.0E-10	1.0E+10	1E-30	1.0E-10	1.0E+10	1E-30	1.0E-10	1.0E+10	1E-30	1.0E-10
108	0.000000000068	1.0E+10	1.0E+10	1E-30	1.17661760165685E-10	1.0E+10	1E-30	1.0E+10	9.56409310152677E-02	1E-30	1.08673675028329E-11	0.112106828806213	6.90920906888927E-10	2.06959984484744E-12	0.325087240159344	6.89657982964102E-11	8.51177776544892E-12	1.92191723357493	8.26781000963934E-11	4.03625935273364E-12	1.01263846926274	2.80510209171945E-12	8.26211849821812E-11	100000	1.0E+10	1E-30	1.0E-10	1.0E+10	1E-30	1.0E-10	1.0E+10	1E-30	1.0E-10	1.0E+10	1E-30	1.0E-10	1.0E+10	1E-30	1.0E-10	1.0E+10	1E-30	1.0E-10	1.0E+10	1E-30	1.0E-10	1.0E+10	1E-30	1.0E-10	1.0E+10	1E-30	1.0E-10	1.0E+10	1E-30	1.0E-10
109	0.000000000068	1.0E+10	1.0E+10	1E-30	1.17661760165685E-10	1.0E+10	1E-30	1.0E+10	9.56409310152677E-02	1E-30	1.08673675028329E-11	0.112106828806213	6.90920906888927E-10	2.06959984484744E-12	0.325087240159344	6.89657982964102E-11	8.51177776544892E-12	1.92191723357493	8.26781000963934E-11	4.03625935273364E-12	1.01263846926274	2.80510209171945E-12	8.26211849821812E-11	100000	1.0E+10	1E-30	1.0E-10	1.0E+10	1E-30	1.0E-10	1.0E+10	1E-30	1.0E-10	1.0E+10	1E-30	1.0E-10	1.0E+10	1E-30	1.0E-10	1.0E+10	1E-30	1.0E-10	1.0E+10	1E-30	1.0E-10	1.0E+10	1E-30	1.0E-10	1.0E+10	1E-30	1.0E-10	1.0E+10	1E-30	1.0E-10
110	0.000000000068	1.0E+10	1.0E+10	1E-30	0.0000000002	1.0E+10	1E-30	1.0E+10	1	2.33839167857312E-09	1.0E+10	19.4462036878039	5.33334459746974E-09	1.0E+10	2.29549913874944	6.19946212368689E-10	1.0E+10	1.71149195329701	3.56293492189724E-10	1.0E+10	0.812174878707459	2.34068736022761E-11	1.60494074200684E-11	1.47322413019271	1.22880583138094E-11	2.02095585873329E-11	100000	1.0E+10	1E-30	1.0E-10	1.0E+10	1E-30	1.0E-10	1.0E+10	1E-30	1.0E-10	1.0E+10	1E-30	1.0E-10	1.0E+10	1E-30	1.0E-10	1.0E+10	1E-30	1.0E-10	1.0E+10	1E-30	1.0E-10	1.0E+10	1E-30	1.0E-10	1.0E+10	1E-30	1.0E-10
111	0.000000000068	1.0E+10	1.0E+10	1E-30	0.0000000002	1.0E+10	1E-30	1.0E+10	1	2.33839167857312E-09	1.0E+10	19.4462036878039	5.33334459746974E-09	1.0E+10	2.29549913874944	6.19946212368689E-10	1.0E+10	1.71149195329701	3.56293492189724E-10	1.0E+10	0.812174878707459	2.34068736022761E-11	1.60494074200684E-11	1.47322413019271	1.22880583138094E-11	2.02095585873329E-11	100000	1.0E+10	1E-30	1.0E-10	1.0E+10	1E-30	1.0E-10	1.0E+10	1E-30	1.0E-10	1.0E+10	1E-30	1.0E-10	1.0E+10	1E-30	1.0E-10	1.0E+10	1E-30	1.0E-10	1.0E+10	1E-30	1.0E-10	1.0E+10	1E-30	1.0E-10	1.0E+10	1E-30	1.0E-10
112	0.000000000082	1.0E+10	1.0E+10	1E-30	2.0243482850593E-10	1.0E+10	1E-30	1.0E+10	0.083	1E-30	1.54752816368001E-11	0.772768341394121	1E-30	1.203272535939E-11	8.03356987186902E-02	3.46997384713086E-09	5.36548267495666E-13	0.133645052119304	1.5627403129601E-10	5.05599503237056E-12	1.1515367131057	1.0E+10	1E-30	1.0E-10	1.0E+10	1E-30	1.0E-10	1.0E+10	1E-30	1.0E-10	1.0E+10	1E-30	1.0E-10	1.0E+10	1E-30	1.0E-10	1.0E+10	1E-30	1.0E-10	1.0E+10	1E-30	1.0E-10	1.0E+10	1E-30	1.0E-10	1.0E+10	1E-30	1.0E-10	1.0E+10	1E-30	1.0E-10	1.0E+10	1E-30	1.0E-10
113	0.000000000082	1.0E+10	1.0E+10	1E-30	0.000000000215	1.0E+10	1E-30	1.0E+10	0.093	1E-30	1.318935386842E-11	9.68628093856046E-02	1.03416623335486E-09	1.87158708116602E-12	0.277889802117383	1.12199800431215E-10	7.13351854802878E-12	1.19989815949729	3.76612270176007E-11	6.59394964219929E-12	1.20741793309462	1.0E+10	1E-30	1.0E-10	1.0E+10	1E-30	1.0E-10	1.0E+10	1E-30	1.0E-10	1.0E+10	1E-30	1.0E-10	1.0E+10	1E-30	1.0E-10	1.0E+10	1E-30	1.0E-10	1.0E+10	1E-30	1.0E-10	1.0E+10	1E-30	1.0E-10	1.0E+10	1E-30	1.0E-10	1.0E+10	1E-30	1.0E-10	1.0E+10	1E-30	1.0E-10
114	0.000000000082	1.0E+10	1.0E+10	1E-30	2.0243482850593E-10	1.0E+10	1E-30	1.0E+10	0.083	1E-30	1.54752816368001E-11	0.772768341394121	1E-30	1.203272535939E-11	8.03356987186902E-02	3.46997384713086E-09	5.36548267495666E-13	0.133645052119304	1.5627403129601E-10	5.05599503237056E-12	1.1515367131057	1.0E+10	1E-30	1.0E-10	1.0E+10	1E-30	1.0E-10	1.0E+10	1E-30	1.0E-10	1.0E+10	1E-30	1.0E-10	1.0E+10	1E-30	1.0E-10	1.0E+10	1E-30	1.0E-10	1.0E+10	1E-30	1.0E-10	1.0E+10	1E-30	1.0E-10	1.0E+10	1E-30	1.0E-10	1.0E+10	1E-30	1.0E-10	1.0E+10	1E-30	1.0E-10
115	0.000000000082	1.0E+10	1.0E+10	1E-30	2.0243482850593E-10	1.0E+10	1E-30	1.0E+10	0.083	1E-30	1.54752816368001E-11	0.772768341394121	1E-30	1.203272535939E-11	8.03356987186902E-02	3.46997384713086E-09	5.36548267495666E-13	0.133645052119304	1.5627403129601E-10	5.05599503237056E-12	1.1515367131057	1.0E+10	1E-30	1.0E-10	1.0E+10	1E-30	1.0E-10	1.0E+10	1E-30	1.0E-10	1.0E+10	1E-30	1.0E-10	1.0E+10	1E-30	1.0E-10	1.0E+10	1E-30	1.0E-10	1.0E+10	1E-30	1.0E-10	1.0E+10	1E-30	1.0E-10	1.0E+10	1E-30	1.0E-10	1.0E+10	1E-30	1.0E-10	1.0E+10	1E-30	1.0E-10
116	1.0E-10	1.0E+10	1.0E+10	1E-30	1.68702397557105E-10	1.0E+10	1E-30	1.0E+10	0.085	1E-30	8.94291927689508E-12	0.058512787961958	9.6934060948946E-10	2.29227810679198E-12	0.373867224680164	1.49287731709367E-10	6.28559677616627E-12	1.18012564328429	5.84651690185755E-11	5.76527820916502E-12	0.945945830686261	5.47887461906911E-12	3.4383392866966E-11	100000	1.0E+10	1E-30	1.0E-10	1.0E+10	1E-30	1.0E-10	1.0E+10	1E-30	1.0E-10	1.0E+10	1E-30	1.0E-10	1.0E+10	1E-30	1.0E-10	1.0E+10	1E-30	1.0E-10	1.0E+10	1E-30	1.0E-10	1.0E+10	1E-30	1.0E-10	1.0E+10	1E-30	1.0E-10	1.0E+10	1E-30	1.0E-10
117	1.0E-10	1.0E+10	1.0E+10	1E-30	1.68702397557105E-10	1.0E+10	1E-30	1.0E+10	0.085	1E-30	8.94291927689508E-12	0.058512787961958	9.6934060948946E-10	2.29227810679198E-12	0.373867224680164	1.49287731709367E-10	6.28559677616627E-12	1.18012564328429	5.84651690185755E-11	5.76527820916502E-12	0.945945830686261	5.47887461906911E-12	3.4383392866966E-11	100000	1.0E+10	1E-30	1.0E-10	1.0E+10	1E-30	1.0E-10	1.0E+10	1E-30	1.0E-10	1.0E+10	1E-30	1.0E-10	1.0E+10	1E-30	1.0E-10	1.0E+10	1E-30	1.0E-10	1.0E+10	1E-30	1.0E-10	1.0E+10	1E-30	1.0E-10	1.0E+10	1E-30	1.0E-10	1.0E+10	1E-30	1.0E-10
118	1.0E-10	1.0E+10	1.0E+10	1E-30	1.22214083341234E-10	1.0E+10	1E-30	1.0E+10	0.084	1E-30	1.04301764501354E-11	9.33105296295758E-02	2.41985840107711E-09	9.15715973702326E-13	0.156058834103356	1.56167468693043E-10	6.076650308969E-12	1.25751151788427	3.804209567382E-11	8.40252211303427E-12	1.16017157186013	2.66208036438869E-12	7.24133983705911E-11	100000	1.0E+10	1E-30	1.0E-10	1.0E+10	1E-30	1.0E-10	1.0E+10	1E-30	1.0E-10	1.0E+10	1E-30	1.0E-10	1.0E+10	1E-30	1.0E-10	1.0E+10	1E-30	1.0E-10	1.0E+10	1E-30	1.0E-10	1.0E+10	1E-30	1.0E-10	1.0E+10	1E-30	1.0E-10	1.0E+10	1E-30	1.0E-10
119	1.0E-10	1.0E+10	1.0E+10	1E-30	1.22214083341234E-10	1.0E+10	1E-30	1.0E+10	0.084	1E-30	1.04301764501354E-11	9.33105296295758E-02	2.41985840107711E-09	9.15715973702326E-13	0.156058834103356	1.56167468693043E-10	6.076650308969E-12	1.25751151788427	3.804209567382E-11	8.40252211303427E-12	1.16017157186013	2.66208036438869E-12	7.24133983705911E-11	100000	1.0E+10	1E-30	1.0E-10	1.0E+10	1E-30	1.0E-10	1.0E+10	1E-30	1.0E-10	1.0E+10	1E-30	1.0E-10	1.0E+10	1E-30	1.0E-10	1.0E+10	1E-30	1.0E-10	1.0E+10	1E-30	1.0E-10	1.0E+10	1E-30	1.0E-10	1.0E+10	1E-30	1.0E-10	1.0E+10	1E-30	1.0E-10
120	1.0E-10	1.0E+10	1.0E+10	1E-30	0.000000000175	1.0E+10	1E-30	1.0E+10	0.8	1.33727561998737E-08	1.0E+10	4.00711880729922	5.98119405005352E-09	1.0E+10	1.63901646984045	2.5194256453357E-09	1.0E+10	0.902444590249846	4.85595984198946E-10	1.0E+10	0.819379423794259	1E-30	6.64151584987423E-11	7.30272809093277	0.000000000055	0.0000000000062	2.44599533309522	0.000000000046	0.000000000007	100000	1.0E+10	1E-30	1.0E-10	1.0E+10	1E-30	1.0E-10	1.0E+10	1E-30	1.0E-10	1.0E+10	1E-30	1.0E-10	1.0E+10	1E-30	1.0E-10	1.0E+10	1E-30	1.0E-10	1.0E+10	1E-30	1.0E-10	1.0E+10	1E-30	1.0E-10
121	1.0E-10	1.0E+10	1.0E+10	1E-30	0.000000000175	1.0E+10	1E-30	1.0E+10	0.8	1.33727561998737E-08	1.0E+10	4.00711880729922	5.98119405005352E-09	1.0E+10	1.63901646984045	2.5194256453357E-09	1.0E+10	0.902444590249846	4.85595984198946E-10	1.0E+10	0.819379423794259	1E-30	6.64151584987423E-11	7.30272809093277	0.000000000055	0.0000000000062	2.44599533309522	0.000000000046	0.000000000007	100000	1.0E+10	1E-30	1.0E-10	1.0E+10	1E-30	1.0E-10	1.0E+10	1E-30	1.0E-10	1.0E+10	1E-30	1.0E-10	1.0E+10	1E-30	1.0E-10	1.0E+10	1E-30	1.0E-10	1.0E+10	1E-30	1.0E-10	1.0E+10	1E-30	1.0E-10
122	0.00000000015	1.0E+10	1.0E+10	1E-30	0.000000000175	1.0E+10	1E-30	1.0E+10	0.680041246372406	2.80890039386039E-09	1.0E+10	80.9442032597378	1.14749665968382E-08	1.0E+10	3.46743804761376	4.75893195494444E-09	1.0E+10	1.19440772934758	1.10128788944688E-09	1.0E+10	0.535248555659918	1.87423370183897E-11	1.87059026096025E-11	1.01821532246592	6.4552409742258E-12	3.84704824202598E-11	100000	1.0E+10	1E-30	1.0E-10	1.0E+10	1E-30	1.0E-10	1.0E+10	1E-30	1.0E-10	1.0E+10	1E-30	1.0E-10	1.0E+10	1E-30	1.0E-10	1.0E+10	1E-30	1.0E-10	1.0E+10	1E-30	1.0E-10	1.0E+10	1E-30	1.0E-10	1.0E+10	1E-30	1.0E-10
123	0.00000000015	1.0E+10	1.0E+10	1E-30	0.000000000175	1.0E+10	1E-30	1.0E+10	0.680041246372406	2.80890039386039E-09	1.0E+10	80.9442032597378	1.14749665968382E-08	1.0E+10	3.46743804761376	4.75893195494444E-09	1.0E+10	1.19440772934758	1.10128788944688E-09	1.0E+10	0.535248555659918	1.87423370183897E-11	1.87059026096025E-11	1.01821532246592	6.4552409742258E-12	3.84704824202598E-11	100000	1.0E+10	1E-30	1.0E-10	1.0E+10	1E-30	1.0E-10	1.0E+10	1E-30	1.0E-10	1.0E+10	1E-30	1.0E-10	1.0E+10	1E-30	1.0E-10	1.0E+10	1E-30	1.0E-10	1.0E+10	1E-30	1.0E-10	1.0E+10	1E-30	1.0E-10	1.0E+10	1E-30	1.0E-10
124	0.00000000018	1.0E+10	1.0E+10	1E-30	0.000000000077	1.0E+10	1E-30	1.0E+10	0.620348760062271	3.67873541964778E-09	1.0E+10	48.0705474803058	1.32647464392464E-08	1.0E+10	1.6664361666052	5.5489529122132E-09	1.0E+10	0.57363955185706	1.56495696842299E-09	1.0E+10	0.484282121925495	1.45695266798043E-11	2.46397472206631E-11	0.938766112485918	0.0000000000014	0.00000000012	100000	1.0E+10	1E-30	1.0E-10	1.0E+10	1E-30	1.0E-10	1.0E+10	1E-30	1.0E-10	1.0E+10	1E-30	1.0E-10	1.0E+10	1E-30	1.0E-10	1.0E+10	1E-30	1.0E-10	1.0E+10	1E-30	1.0E-10	1.0E+10	1E-30	1.0E-10	1.0E+10	1E-30	1.0E-10
125	2.14891528378958E-10	1.0E+10	1.0E+10	1E-30	0.00000000018	1.0E+10	1E-30	1.0E+10	0.42	1.1176390250185E-08	1.0E+10	2.03432592570066	3.94209298115948E-09	1.0E+10	0.576760125911894	9.84184272185257E-10	1.0E+10	0.404281361707071	1E-30	4.81975940433831E-11	3.81571362565837	0.00000000015	0.0000000000022	0.976226110781327	0.00000000004	0.000000000007	100000	1.0E+10	1E-30	1.0E-10	1.0E+10	1E-30	1.0E-10	1.0E+10	1E-30	1.0E-10	1.0E+10	1E-30	1.0E-10	1.0E+10	1E-30	1.0E-10	1.0E+10	1E-30	1.0E-10	1.0E+10	1E-30	1.0E-10	1.0E+10	1E-30	1.0E-10	1.0E+10	1E-30	1.0E-10
126	2.14891528378958E-10	1.0E+10	1.0E+10	1E-30	0.00000000018	1.0E+10	1E-30	1.0E+10	0.42	1.1176390250185E-08	1.0E+10	2.03432592570066	3.94209298115948E-09	1.0E+10	0.576760125911894	9.84184272185257E-10	1.0E+10	0.404281361707071	1E-30	4.81975940433831E-11	3.81571362565837	0.00000000015	0.0000000000022	0.976226110781327	0.00000000004	0.000000000007	100000	1.0E+10	1E-30	1.0E-10	1.0E+10	1E-30	1.0E-10	1.0E+10	1E-30	1.0E-10	1.0E+10	1E-30	1.0E-10	1.0E+10	1E-30	1.0E-10	1.0E+10	1E-30	1.0E-10	1.0E+10	1E-30	1.0E-10	1.0E+10	1E-30	1.0E-10	1.0E+10	1E-30	1.0E-10
127	0.00000000033	1.0E+10	1.0E+10	1E-30	1.58483750496891E-10	1.0E+10	1E-30	1.0E+10	0.459131076377401	8.56087274724869E-09	1.0E+10	23.2387146425936	1.53297105142057E-08	1.0E+10	1.44196155476802	1.1158871195088E-08	1.0E+10	0.356565956155927	9.85423883176657E-09	1.0E+10	0.134590932397231	1.13206292686115E-11	3.09693324128567E-11	0.924123875327291	3.24984040849093E-12	5.77357032885845E-11	100000	1.0E+10	1E-30	1.0E-10	1.0E+10	1E-30	1.0E-10	1.0E+10	1E-30	1.0E-10	1.0E+10	1E-30	1.0E-10	1.0E+10	1E-30	1.0E-10	1.0E+10	1E-30	1.0E-10	1.0E+10	1E-30	1.0E-10	1.0E+10	1E-30	1.0E-10	1.0E+10	1E-30	1.0E-10
128	0.00000000033	1.0E+10	1.0E+10	1E-30	1.58483750496891E-10	1.0E+10	1E-30	1.0E+10	0.459131076377401	8.56087274724869E-09	1.0E+10	23.2387146425936	1.53297105142057E-08	1.0E+10	1.44196155476802	1.1158871195088E-08	1.0E+10	0.356565956155927	9.85423883176657E-09	1.0E+10	0.134590932397231	1.13206292686115E-11	3.09693324128567E-11	0.924123875327291	3.24984040849093E-12	5.77357032885845E-11	100000	1.0E+10	1E-30	1.0E-10	1.0E+10	1E-30	1.0E-10	1.0E+10	1E-30	1.0E-10	1.0E+10	1E-30	1.0E-10	1.0E+10	1E-30	1.0E-10	1.0E+10	1E-30	1.0E-10	1.0E+10	1E-30	1.0E-10	1.0E+10	1E-30	1.0E-10	1.0E+10	1E-30	1.0E-10
129	0.000000000445	1.0E+10	1.0E+10	1E-30	0.000000000197	1.0E+10	1E-30	1.0E+10	0.3	3.39454763382997E-08	1.0E+10	1.95356102712285	4.12867394699122E-08	1.0E+10	0.550695471079002	9.99474469265093E-09	1.0E+10	0.398096569712583	2.98069034727446E-09	1.0E+10	0.133488323634008	1E-30	4.6923519274707E-11	2.21121875150998	0.00000000024	0.0000000000014	0.609014424262891	0.00000000004	0.000000000007	100000	1.0E+10	1E-30	1.0E-10	1.0E+10	1E-30	1.0E-10	1.0E+10	1E-30	1.0E-10	1.0E+10	1E-30	1.0E-10	1.0E+10	1E-30	1.0E-10	1.0E+10	1E-30	1.0E-10	1.0E+10	1E-30	1.0E-10	1.0E+10	1E-30	1.0E-10
130	0.000000000445	1.0E+10	1.0E+10	1E-30	0.000000000197	1.0E+10	1E-30	1.0E+10	0.3	3.39454763382997E-08	1.0E+10	1.95356102712285	4.12867394699122E-08	1.0E+10	0.550695471079002	9.99474469265093E-09	1.0E+10	0.398096569712583	2.98069034727446E-09	1.0E+10	0.133488323634008	1E-30	4.6923519274707E-11	2.21121875150998	0.00000000024	0.0000000000014	0.609014424262891	0.00000000004	0.000000000007	100000	1.0E+10	1E-30	1.0E-10	1.0E+10	1E-30	1.0E-10	1.0E+10	1E-30	1.0E-10	1.0E+10	1E-30	1.0E-10	1.0E+10	1E-30	1.0E-10	1.0E+10	1E-30	1.0E-10	1.0E+10	1E-30	1.0E-10	1.0E+10	1E-30	1.0E-10
131	0.00000000068	1.0E+10	73529411764.7059	1E-30	0.00000000011	1.0E+10	1E-30	1.0E+10	0.356580920036504	2.82312421376093E-09	1.0E+10	563.754659876872	5.15308996058507E-09	1.0E+10	38.6066768456496	3.46608125184252E-09	1.0E+10	9.18356677341542	4.77159759355278E-09	1.0E+10	0.833866121207183	9.94504745549354E-09	1.0E+10	0.16003437269068	1.03136670057105E-11	3.39929853027277E-11	1.01434957954919	1.74403002763395E-12	1.07585201279152E-10	100000	1.0E+10	1E-30	1.0E-10	1.0E+10	1E-30	1.0E-10	1.0E+10	1E-30	1.0E-10	1.0E+10	1E-30	1.0E-10	1.0E+10	1E-30	1.0E-10	1.0E+10	1E-30	1.0E-10	1.0E+10	1E-30	1.0E-10	1.0E+10	1E-30	1.0E-10
132	0.00000000068	1.0E+10	73529411764.7059	1E-30	0.00000000011	1.0E+10	1E-30	1.0E+10	0.356580920036504	2.82312421376093E-09	1.0E+10	563.754659876872	5.15308996058507E-09	1.0E+10	38.6066768456496	3.46608125184252E-09	1.0E+10	9.18356677341542	4.77159759355278E-09	1.0E+10	0.833866121207183	9.94504745549354E-09	1.0E+10	0.16003437269068	1.03136670057105E-11	3.39929853027277E-11	1.01434957954919	1.74403002763395E-12	1.07585201279152E-10	100000	1.0E+10	1E-30	1.0E-10	1.0E+10	1E-30	1.0E-10	1.0E+10	1E-30	1.0E-10	1.0E+10	1E-30	1.0E-10	1.0E+10	1E-30	1.0E-10	1.0E+10	1E-30	1.0E-10	1.0E+10	1E-30	1.0E-10	1.0E+10	1E-30	1.0E-10
133	8.69799043438641E-10	1.0E+10	50000000000	1E-30	0.0000000002	1.0E+10	1E-30	1.0E+10	0.25	7.58247196981358E-09	1.0E+10	104.949245922374	7.54782793261258E-09	1.0E+10	16.2201470932422	6.30697261521564E-09	1.0E+10	5.04695208943614	5.37587672027523E-09	1.0E+10	0.740134825318999	1.65811160137777E-08	1.0E+10	4.79928320143376E-02	1E-30	4.6923519274707E-11	2.21121875150998	0.00000000008	0.0000000000043	1.1327892242231	0.000000000033	0.0000000000095	100000	1.0E+10	1E-30	1.0E-10	1.0E+10	1E-30	1.0E-10	1.0E+10	1E-30	1.0E-10	1.0E+10	1E-30	1.0E-10	1.0E+10	1E-30	1.0E-10	1.0E+10	1E-30	1.0E-10	1.0E+10	1E-30	1.0E-10
134	8.69799043438641E-10	1.0E+10	50000000000	1E-30	0.0000000002	1.0E+10	1E-30	1.0E+10	0.25	7.58247196981358E-09	1.0E+10	104.949245922374	7.54782793261258E-09	1.0E+10	16.2201470932422	6.30697261521564E-09	1.0E+10	5.04695208943614	5.37587672027523E-09	1.0E+10	0.740134825318999	1.65811160137777E-08	1.0E+10	4.79928320143376E-02	1E-30	4.6923519274707E-11	2.21121875150998	0.00000000008	0.0000000000043	1.1327892242231	0.000000000033	0.0000000000095	100000	1.0E+10	1E-30	1.0E-10	1.0E+10	1E-30	1.0E-10	1.0E+10	1E-30	1.0E-10	1.0E+10	1E-30	1.0E-10	1.0E+10	1E-30	1.0E-10	1.0E+10	1E-30	1.0E-10	1.0E+10	1E-30	1.0E-10
135	0.000000001493	1.0E+10	33333333333.3333	1E-30	1.30817302705504E-10	1.0E+10	1E-30	1.0E+10	0.122805557968037	7.10759774640926E-09	1.0E+10	373.203785513185	9.92715761599497E-09	1.0E+10	26.7204620644986	8.01052678924942E-09	1.0E+10	3.89573025690738	1.0804841510274E-08	1.0E+10	0.272777139596034	4.52819495582728E-09	1.0E+10	0.107603641949771	1E-30	4.04956230470866E-11	0.365911883854341	1.60338940602344E-09	7.66693392925094E-12	5.77609047349481E-02	2.22614884503949E-11	1.30932529826767E-11	0.731017756675586	3.52996673473143E-12	6.34617833461197E-11	100000	1.0E+10	1E-30	1.0E-10	1.0E+10	1E-30	1.0E-10	1.0E+10	1E-30	1.0E-10	1.0E+10	1E-30	1.0E-10	1.0E+10	1E-30	1.0E-10	1.0E+10	1E-30	1.0E-10
136	0.000000001493	1.0E+10	33333333333.3333	1E-30	1.30817302705504E-10	1.0E+10	1E-30	1.0E+10	0.122805557968037	7.10759774640926E-09	1.0E+10	373.203785513185	9.92715761599497E-09	1.0E+10	26.7204620644986	8.01052678924942E-09	1.0E+10	3.89573025690738	1.0804841510274E-08	1.0E+10	0.272777139596034	4.52819495582728E-09	1.0E+10	0.107603641949771	1E-30	4.04956230470866E-11	0.365911883854341	1.60338940602344E-09	7.66693392925094E-12	5.77609047349481E-02	2.22614884503949E-11	1.30932529826767E-11	0.731017756675586	3.52996673473143E-12	6.34617833461197E-11	100000	1.0E+10	1E-30	1.0E-10	1.0E+10	1E-30	1.0E-10	1.0E+10	1E-30	1.0E-10	1.0E+10	1E-30	1.0E-10	1.0E+10	1E-30	1.0E-10	1.0E+10	1E-30	1.0E-10
137	2.14992188610278E-09	1.0E+10	22727272727.2727	1E-30	0.00000000013	1.0E+10	1E-30	1.0E+10	0.14	1.28727775131827E-08	1.0E+10	123.636832011513	1.56527252813726E-08	1.0E+10	12.7098428732804	1.35264257381737E-08	1.0E+10	2.35324462164066	1.5064903499627E-08	1.0E+10	0.203165721082264	1E-30	1.58778703831513E-11	0.149645402851077	2.49446205182264E-09	6.48020111392178E-12	0.066810209669297	1.88231531463588E-11	1.86255898900852E-11	0.601264025962604	4.67053999947562E-12	4.99645898443786E-11	100000	1.0E+10	1E-30	1.0E-10	1.0E+10	1E-30	1.0E-10	1.0E+10	1E-30	1.0E-10	1.0E+10	1E-30	1.0E-10	1.0E+10	1E-30	1.0E-10	1.0E+10	1E-30	1.0E-10	1.0E+10	1E-30	1.0E-10
138	0.00000000192	1.0E+10	22727272727.2727	1E-30	1.8930920357194E-10	1.0E+10	1E-30	1.0E+10	0.133698962043001	1.44832417311243E-08	1.0E+10	54.9445165821796	1.56197421182908E-08	1.0E+10	7.83795778280457	1.96393474683433E-08	1.0E+10	1.6207762844304	1.24020341488592E-08	1.0E+10	0.320824272013748	4.35052621860271E-08	1.0E+10	1.82914589057473E-02	1E-30	1.63926553550844E-11	0.772485684545438	1E-30	2.52009263164077E-11	0.26390348326428	1.29635830240397E-09	1.04803856847255E-11	6.93536230963046E-02	0.00000000008	0.0000000000043	1.1327892242231	0.000000000033	0.0000000000095	100000	1.0E+10	1E-30	1.0E-10	1.0E+10	1E-30	1.0E-10	1.0E+10	1E-30	1.0E-10	1.0E+10	1E-30	1.0E-10	1.0E+10	1E-30	1.0E-10
139	2.87283414397112E-09	1.0E+10	15151515151.5152	1E-30	4.89123946736583E-11	1.0E+10	1E-30	1.0E+10	0.15	1.81173628089287E-08	1.0E+10	87.8466390337229	1.62653726558958E-08	1.0E+10	13.9784196296652	1.59366593781543E-08	1.0E+10	2.21927094583033	1.82379142874406E-08	1.0E+10	0.29088659405441	1E-30	3.58110696952789E-11	0.289295468927692	1.90939590641756E-09	8.62330991963414E-12	4.85138678722865E-02	1.42278542434626E-11	1.41795681552647E-11	0.759658127654044	1.03948308729934E-12	1.51599524933987E-10	100000	1.0E+10	1E-30	1.0E-10	1.0E+10	1E-30	1.0E-10	1.0E+10	1E-30	1.0E-10	1.0E+10	1E-30	1.0E-10	1.0E+10	1E-30	1.0E-10	1.0E+10	1E-30	1.0E-10	1.0E+10	1E-30	1.0E-10
140	2.87283414397112E-09	1.0E+10	15151515151.5152	1E-30	4.89123946736583E-11	1.0E+10	1E-30	1.0E+10	0.15	1.81173628089287E-08	1.0E+10	87.8466390337229	1.62653726558958E-08	1.0E+10	13.9784196296652	1.59366593781543E-08	1.0E+10	2.21927094583033	1.82379142874406E-08	1.0E+10	0.29088659405441	1E-30	3.58110696952789E-11	0.289295468927692	1.90939590641756E-09	8.62330991963414E-12	4.85138678722865E-02	1.42278542434626E-11	1.41795681552647E-11	0.759658127654044	1.03948308729934E-12	1.51599524933987E-10	100000	1.0E+10	1E-30	1.0E-10	1.0E+10	1E-30	1.0E-10	1.0E+10	1E-30	1.0E-10	1.0E+10	1E-30	1.0E-10	1.0E+10	1E-30	1.0E-10	1.0E+10	1E-30	1.0E-10	1.0E+10	1E-30	1.0E-10
141	4.21561693737262E-09	1.0E+10	10638297872.3404	1E-30	1.21406659433249E-11	1.0E+10	1E-30	1.0E+10	0.12	2.12382760348429E-08	1.0E+10	74.937788185251	2.30803065741807E-08	1.0E+10	9.85100452137579	2.11285793398008E-08	1.0E+10	2.15219585529537	2.30104376743952E-08	1.0E+10	0.230554709336674	1E-30	1.55137141573375E-11	0.408919214571958	1E-30	1.57827816501579E-11	0.132221522360928	1.42545242700182E-09	1.75903386839997E-11	0.071475307751852	2.94148476831794E-11	1.11192823143819E-11	1.72107938068498	6.67581668697475E-13	1.82194678797456E-10	100000	1.0E+10	1E-30	1.0E-10	1.0E+10	1E-30	1.0E-10	1.0E+10	1E-30	1.0E-10	1.0E+10	1E-30	1.0E-10	1.0E+10	1E-30	1.0E-10	1.0E+10	1E-30	1.0E-10
142	3.25435195931103E-09	1.0E+10	10638297872.3404	1E-30	0.0000000002	1.0E+10	1E-30	1.0E+10	0.105	1.80902966038958E-08	1.0E+10	4.71351017014925	3.22536168116455E-08	1.0E+10	0.561433544552626	2.27193039512516E-08	1.0E+10	9.47229261114598E-02	1E-30	2.42492491468664E-11	1.16933628817913	4.30548801763244E-10	3.57032594083288E-11	0.160978453577021	0.00000000008	0.0000000000043	1.1327892242231	3.22488282915417E-11	8.30651637812439E-12	100000	1.0E+10	1E-30	1.0E-10	1.0E+10	1E-30	1.0E-10	1.0E+10	1E-30	1.0E-10	1.0E+10	1E-30	1.0E-10	1.0E+10	1E-30	1.0E-10	1.0E+10	1E-30	1.0E-10	1.0E+10	1E-30	1.0E-10	1.0E+10	1E-30	1.0E-10
143	5.20470959381683E-09	1.0E+10	8928571428.57143	1E-30	1.10417535284034E-10	1.0E+10	1E-30	1.0E+10	0.105	2.74529270604904E-08	1.0E+10	41.4098292535462	3.04234249182882E-08	1.0E+10	5.23132893549482	3.92071696624894E-08	1.0E+10	0.902073917500084	3.50547698099517E-08	1.0E+10	0.129719410881681	1E-30	3.55223232079162E-11	0.334790008885295	5.05870515802949E-09	1.02189156780801E-11	4.92442388036951E-02	5.60092536318529E-11	6.25954298992766E-12	0.470330979691367	1.94013872545039E-12	8.85538213931191E-11	100000	1.0E+10	1E-30	1.0E-10	1.0E+10	1E-30	1.0E-10	1.0E+10	1E-30	1.0E-10	1.0E+10	1E-30	1.0E-10	1.0E+10	1E-30	1.0E-10	1.0E+10	1E-30	1.0E-10	1.0E+10	1E-30	1.0E-10
144	5.87950209502104E-09	1.0E+10	7352941176.47059	1E-30	2.37952748303547E-11	1.0E+10	1E-30	1.0E+10	0.11	3.7139748331049E-08	1.0E+10	42.8529944988456	3.93853218615307E-08	1.0E+10	5.77281570063972	4.12640149533331E-08	1.0E+10	1.10199748945481	5.5988940170615E-08	1.0E+10	0.122066538774199	1E-30	3.4199871613635E-11	0.225266080578846	8.23192638492794E-09	6.62143636473588E-12	3.79797688407009E-02	2.32539838720543E-11	1.41347215536658E-11	0.872855597327327	7.53025505054041E-13	1.8131830360132E-10	100000	1.0E+10	1E-30	1.0E-10	1.0E+10	1E-30	1.0E-10	1.0E+10	1E-30	1.0E-10	1.0E+10	1E-30	1.0E-10	1.0E+10	1E-30	1.0E-10	1.0E+10	1E-30	1.0E-10	1.0E+10	1E-30	1.0E-10
145	5.87950209502104E-09	1.0E+10	7352941176.47059	1E-30	2.37952748303547E-11	1.0E+10	1E-30	1.0E+10	0.11	3.7139748331049E-08	1.0E+10	42.8529944988456	3.93853218615307E-08	1.0E+10	5.77281570063972	4.12640149533331E-08	1.0E+10	1.10199748945481	5.5988940170615E-08	1.0E+10	0.122066538774199	1E-30	3.4199871613635E-11	0.225266080578846	8.23192638492794E-09	6.62143636473588E-12	3.79797688407009E-02	2.32539838720543E-11	1.41347215536658E-11	0.872855597327327	7.53025505054041E-13	1.8131830360132E-10	100000	1.0E+10	1E-30	1.0E-10	1.0E+10	1E-30	1.0E-10	1.0E+10	1E-30	1.0E-10	1.0E+10	1E-30	1.0E-10	1.0E+10	1E-30	1.0E-10	1.0E+10	1E-30	1.0E-10	1.0E+10	1E-30	1.0E-10
146	9.97432925906493E-09	1.0E+10	5000000000	1E-30	1.46146217327685E-10	1.0E+10	1E-30	1.0E+10	2.84581127584845E-02	7.81519458801966E-08	1.0E+10	122.710107280184	8.37413187525152E-08	1.0E+10	37.9210484051205	5.17239704691564E-08	1.0E+10	7.73278912455422	5.61812591358984E-08	1.0E+10	1.36077501868085	6.36013972553067E-08	1.0E+10	0.116808617574455	1.57600127300785E-08	1.0E+10	6.61866815408452E-02	1E-30	6.81265805815121E-11	0.098835497077108	1E-30	7.56899843757509E-12	6.06546329274906E-02	5.0761822588381E-09	8.25652233528347E-12	4.48483288132831E-02	2.08170849970827E-11	1.97635350142179E-11	0.516193593652751	4.17414424658827E-12	4.6095006928977E-11	100000	1.0E+10	1E-30	1.0E-10	1.0E+10	1E-30	1.0E-10	1.0E+10	1E-30	1.0E-10	1.0E+10	1E-30	1.0E-10
147	7.31978712854044E-09	1.0E+10	5000000000	1E-30	1.71898665483859E-10	1.0E+10	1E-30	1.0E+10	7.85412918011374E-02	8.0391720875256E-08	1.0E+10	8.62142015902775	4.43031298987525E-08	1.0E+10	3.81454172963359	8.48774798966722E-08	1.0E+10	0.375022781745279	5.00275661914609E-08	1.0E+10	7.95336227644936E-02	1E-30	2.93156083842732E-11	0.355483843419307	1.45075313901409E-09	3.01270603457626E-11	8.05576205845245E-02	7.07945784384138E-11	4.66137389725509E-12	0.726414604268791	6.42598945692216E-12	3.08447493932264E-11	316227.766016838	1.0E+10	1E-30	1.0E-10	1.0E+10	1E-30	1.0E-10	1.0E+10	1E-30	1.0E-10	1.0E+10	1E-30	1.0E-10	1.0E+10	1E-30	1.0E-10	1.0E+10	1E-30	1.0E-10	1.0E+10	1E-30	1.0E-10
148	2.07325833521828E-08	1.0E+10	2272700000	1E-30	0.000000000215	1.0E+10	1E-30	1.0E+10	0.085	9.15384567272523E-07	1.0E+10	17.3866753692509	8.74185475103699E-07	1.0E+10	11.4872624990991	6.2502690052543E-07	1.0E+10	3.56187695641766	4.99716286762985E-07	1.0E+10	1.00954718721233	7.1864015074512E-07	1.0E+10	0.111524078950108	1.06887428481821E-06	1.0E+10	7.09045668096392E-03	1E-30	3.38737778557379E-11	0.212331050196024	5.75114676935313E-09	1.5728932066722E-11	3.12823480868056E-02	2.35291230744335E-11	1.1961675386264E-11	0.751574230362256	1.0E+10	1E-30	1.0E-10	1.0E+10	1E-30	1.0E-10	1.0E+10	1E-30	1.0E-10	1.0E+10	1E-30	1.0E-10	1.0E+10	1E-30	1.0E-10	1.0E+10	1E-30	1.0E-10
149	3.0491015426571E-08	1.0E+10	1515151515.15152	1E-30	1.85766431455341E-10	1.0E+10	1E-30	1.0E+10	7.28665675124321E-02	5.52363220567879E-07	1.0E+10	5.74904063789402	8.26526856938494E-07	1.0E+10	0.588689348987711	2.64377659256034E-05	1.0E+10	0.301713941604589	1.2109834946775E-06	1.0E+10	6.05989091094915E-02	1E-30	1.70878753562121E-11	0.198505134966092	1E-30	4.40901874509169E-11	0.103528743024358	2.47601492681785E-11	1.17498985044902E-11	0.629877849289662	1.9814885768015E-11	1.44316568506462E-11	100000	1.0E+10	1E-30	1.0E-10	1.0E+10	1E-30	1.0E-10	1.0E+10	1E-30	1.0E-10	1.0E+10	1E-30	1.0E-10	1.0E+10	1E-30	1.0E-10	1.0E+10	1E-30	1.0E-10	1.0E+10	1E-30	1.0E-10
150	4.57662132732202E-08	1.0E+10	1063800000	1E-30	0.000000000128	1.0E+10	1E-30	1.0E+10	5.97074244726185E-02	1.49007240395295E-06	1.0E+10	10.6810207792373	1.82192844077654E-06	1.0E+10	6.73926850720533	1.15722704611853E-06	1.0E+10	2.10940051157158	1.17759128474536E-06	1.0E+10	0.425368726965333	2.08116050618358E-06	1.0E+10	3.05896527671002E-02	6.59272129325552E-06	1.0E+10	7.42225926558883E-03	1E-30	4.90969455663515E-11	0.194179933133671	2.96716039128461E-08	1.8549131976975E-11	1.49841246802171E-02	1.37902007239941E-11	2.04092556716833E-11	2.56470270733584	3.56050136090804E-12	6.58726828544283E-11	100000	1.0E+10	1E-30	1.0E-10	1.0E+10	1E-30	1.0E-10	1.0E+10	1E-30	1.0E-10	1.0E+10	1E-30	1.0E-10	1.0E+10	1E-30	1.0E-10
151	6.24606698043231E-08	1.0E+10	735294117.647059	1E-30	1.41939199018449E-10	1.0E+10	1E-30	1.0E+10	4.90754429265279E-02	7.29199044632877E-07	1.0E+10	79.9423402151739	1.47585358334672E-05	1.0E+10	10.7839249697784	1.09218581525377E-06	1.0E+10	2.77173186112723	2.39457950967531E-06	1.0E+10	0.135666276637027	6.01623738750799E-04	1.0E+10	5.53065868485957E-02	3.08767871162524E-06	1.0E+10	2.07979477513628E-02	1E-30	1.32481021144398E-11	0.163376944666042	1E-30	5.71039667327273E-11	9.07491770306048E-02	2.40530866907244E-11	1.1679885716799E-11	0.661705381921645	6.59952520169504E-12	3.85361419637868E-11	100000	1.0E+10	1E-30	1.0E-10	1.0E+10	1E-30	1.0E-10	1.0E+10	1E-30	1.0E-10	1.0E+10	1E-30	1.0E-10	1.0E+10	1E-30	1.0E-10
152	8.5007686203427E-08	1.0E+10	500000000	1E-30	1.554771308814E-10	1.0E+10	1E-30	1.0E+10	3.60267234236518E-02	1.56948882467693E-06	1.0E+10	8.26933059377208	2.78375636246904E-06	1.0E+10	0.704625847069672	4.41976373565922E-06	1.0E+10	6.20122836906006E-02	7.56915795263076E-06	1.0E+10	7.14171572466078E-03	1E-30	1.89973852403715E-11	0.50398172100567	1E-30	4.61902452923165E-11	0.123509436774103	6.24237893331485E-08	2.22884000037412E-11	1.33059939780663E-02	1.60421606510296E-11	1.52723237931711E-11	100000	1.0E+10	1E-30	1.0E-10	1.0E+10	1E-30	1.0E-10	1.0E+10	1E-30	1.0E-10	1.0E+10	1E-30	1.0E-10	1.0E+10	1E-30	1.0E-10	1.0E+10	1E-30	1.0E-10	1.0E+10	1E-30	1.0E-10
153	8.7802517110274E-08	1.0E+10	500000000	1E-30	1.50131584374271E-10	1.0E+10	1E-30	1.0E+10	2.97503932413865E-02	3.23109619415419E-06	1.0E+10	4.92572593102749	9.0917118401072E-06	1.0E+10	0.620112154610399	2.60935390599058E-06	1.0E+10	0.605996678652386	4.39760541585515E-06	1.0E+10	4.32260825330308E-02	7.74205343363241E-06	1.0E+10	6.11993579105947E-03	1E-30	2.13922208246124E-11	0.215629268169067	1E-30	3.84686458743233E-11	6.25580664072736E-02	5.97232957544797E-08	2.27863846719973E-11	1.37607731213258E-02	2.56969397724632E-11	1.05764502512297E-11	100000	1.45615529955162E-11	9.41013501773665E-12	0.903948146076484	1.0E+10	1E-30	1.0E-10	1.0E+10	1E-30	1.0E-10	1.0E+10	1E-30	1.0E-10	1.0E+10	1E-30	1.0E-10	1.0E+10	1E-30	1.0E-10
END DSCRDATA
