BEGIN DSCRDATA
% INDEX	K01	L01	M01	K02	L02	M02	K03	L03	M03	K04	L04	M04	K05	L05	M05	K06	L06	M06	K07	L07	M07	K08	L08	M08	K09	L09	M09	K10	L10	M10	K11	L11	M11	K12	L12	M12
0	0.00000000000004	1E-30	1.0E-10	1.0E+10	0.00000000102	0.019	1.0E+10	1E-30	10000	1.0E+10	0.00000014	300	1.0E+10	0.00000012	400	1.0E+10	0.000000021	16	1E-30	1.0E+10	1.0E+10	1E-30	1.0E+10	1.0E+10	1E-30	1.0E+10	1.0E+10	1E-30	1.0E+10	1.0E+10	1E-30	1.0E+10	1.0E+10	1E-30	1.0E+10	1.0E+10
1	0.00000000000005	1E-30	1.0E-10	1.0E+10	0.00000000114	0.036	1.0E+10	1E-30	7000	1.0E+10	0.00000014	300	1.0E+10	0.00000025	400	1.0E+10	0.000000021	16	1E-30	1.0E+10	1.0E+10	1E-30	1.0E+10	1.0E+10	1E-30	1.0E+10	1.0E+10	1E-30	1.0E+10	1.0E+10	1E-30	1.0E+10	1.0E+10	1E-30	1.0E+10	1.0E+10
2	0.00000000000012	1E-30	1.0E-10	1.0E+10	0.00000000124	0.022	1.0E+10	1E-30	9000	1.0E+10	0.00000014	300	1.0E+10	0.0000003	400	1.0E+10	0.000000021	16	1E-30	1.0E+10	1.0E+10	1E-30	1.0E+10	1.0E+10	1E-30	1.0E+10	1.0E+10	1E-30	1.0E+10	1.0E+10	1E-30	1.0E+10	1.0E+10	1E-30	1.0E+10	1.0E+10
3	0.00000000000006	1E-30	1.0E-10	1.0E+10	0.00000000135	0.03	1.0E+10	1E-30	7000	1.0E+10	0.00000015	400	1.0E+10	0.000000095	400	1.0E+10	0.000000021	12	1E-30	1.0E+10	1.0E+10	1E-30	1.0E+10	1.0E+10	1E-30	1.0E+10	1.0E+10	1E-30	1.0E+10	1.0E+10	1E-30	1.0E+10	1.0E+10	1E-30	1.0E+10	1.0E+10
4	0.00000000000011	1E-30	1.0E-10	1.0E+10	0.00000000158	0.026	1.0E+10	1E-30	9000	1.0E+10	0.00000008	300	1.0E+10	0.00000021	450	1.0E+10	0.000000021	9	1E-30	1.0E+10	1.0E+10	1E-30	1.0E+10	1.0E+10	1E-30	1.0E+10	1.0E+10	1E-30	1.0E+10	1.0E+10	1E-30	1.0E+10	1.0E+10	1E-30	1.0E+10	1.0E+10
5	0.000000000000125	1E-30	1.0E-10	1.0E+10	0.00000000168	0.026	1.0E+10	1E-30	8000	1.0E+10	0.00000008	300	1.0E+10	0.00000025	400	1.0E+10	0.000000021	12	1E-30	1.0E+10	1.0E+10	1E-30	1.0E+10	1.0E+10	1E-30	1.0E+10	1.0E+10	1E-30	1.0E+10	1.0E+10	1E-30	1.0E+10	1.0E+10	1E-30	1.0E+10	1.0E+10
6	0.00000000000024	1E-30	1.0E-10	1.0E+10	0.0000000019	0.029	1.0E+10	1E-30	7000	1.0E+10	0.0000001	300	1.0E+10	0.00000032	450	1.0E+10	0.000000021	12	1E-30	1.0E+10	1.0E+10	1E-30	1.0E+10	1.0E+10	1E-30	1.0E+10	1.0E+10	1E-30	1.0E+10	1.0E+10	1E-30	1.0E+10	1.0E+10	1E-30	1.0E+10	1.0E+10
7	0.000000000000148	1E-30	1.0E-10	1.0E+10	0.0000000022	0.038	1.0E+10	1E-30	10500	1.0E+10	0.00000008	250	1.0E+10	0.00000018	450	1.0E+10	0.000000018	6	1E-30	1.0E+10	1.0E+10	1E-30	1.0E+10	1.0E+10	1E-30	1.0E+10	1.0E+10	1E-30	1.0E+10	1.0E+10	1E-30	1.0E+10	1.0E+10	1E-30	1.0E+10	1.0E+10
8	0.00000000000019	1E-30	1.0E-10	1.0E+10	0.00000000237	0.04	1.0E+10	1E-30	10000	1.0E+10	0.00000008	200	1.0E+10	0.00000021	450	1.0E+10	0.000000024	10	1E-30	1.0E+10	1.0E+10	1E-30	1.0E+10	1.0E+10	1E-30	1.0E+10	1.0E+10	1E-30	1.0E+10	1.0E+10	1E-30	1.0E+10	1.0E+10	1E-30	1.0E+10	1.0E+10
9	0.00000000000022	1E-30	1.0E-10	1.0E+10	0.00000000259	0.04	1.0E+10	1E-30	10500	1.0E+10	0.00000008	200	1.0E+10	0.00000016	450	1.0E+10	0.000000024	11	1E-30	1.0E+10	1.0E+10	1E-30	1.0E+10	1.0E+10	1E-30	1.0E+10	1.0E+10	1E-30	1.0E+10	1.0E+10	1E-30	1.0E+10	1.0E+10	1E-30	1.0E+10	1.0E+10
10	0.000000000000246	1E-30	1.0E-10	1.0E+10	0.00000000305	0.05	1.0E+10	1E-30	10000	1.0E+10	0.00000008	150	1.0E+10	0.00000014	450	1.0E+10	0.000000023	5	1E-30	1.0E+10	1.0E+10	1E-30	1.0E+10	1.0E+10	1E-30	1.0E+10	1.0E+10	1E-30	1.0E+10	1.0E+10	1E-30	1.0E+10	1.0E+10	1E-30	1.0E+10	1.0E+10
11	0.000000000000095	1E-30	1.0E-10	1.0E+10	0.0000000034	0.07	1.0E+10	1E-30	9000	1.0E+10	0.00000008	200	1.0E+10	0.00000006	45	1.0E+10	0.000000033	5	1E-30	1.0E+10	1.0E+10	1E-30	1.0E+10	1.0E+10	1E-30	1.0E+10	1.0E+10	1E-30	1.0E+10	1.0E+10	1E-30	1.0E+10	1.0E+10	1E-30	1.0E+10	1.0E+10
12	0.00000000000011	1E-30	1.0E-10	1.0E+10	0.00000000375	0.08	1.0E+10	1E-30	9000	1.0E+10	0.00000008	200	1.0E+10	0.000000085	70	1.0E+10	0.000000032	5.5	1E-30	1.0E+10	1.0E+10	1E-30	1.0E+10	1.0E+10	1E-30	1.0E+10	1.0E+10	1E-30	1.0E+10	1.0E+10	1E-30	1.0E+10	1.0E+10	1E-30	1.0E+10	1.0E+10
13	0.000000000000108	1E-30	1.0E-10	1.0E+10	0.00000000412	0.09	1.0E+10	1E-30	6500	1.0E+10	0.0000001	200	1.0E+10	0.000000085	60	1.0E+10	0.000000035	4.5	1E-30	1.0E+10	1.0E+10	1E-30	1.0E+10	1.0E+10	1E-30	1.0E+10	1.0E+10	1E-30	1.0E+10	1.0E+10	1E-30	1.0E+10	1.0E+10	1E-30	1.0E+10	1.0E+10
14	0.000000000000145	1E-30	1.0E-10	1.0E+10	0.00000000442	0.09	1.0E+10	1E-30	6000	1.0E+10	0.00000011	200	1.0E+10	0.000000105	115	1.0E+10	0.000000038	5.7	1E-30	1.0E+10	1.0E+10	1E-30	1.0E+10	1.0E+10	1E-30	1.0E+10	1.0E+10	1E-30	1.0E+10	1.0E+10	1E-30	1.0E+10	1.0E+10	1E-30	1.0E+10	1.0E+10
15	0.0000000000001	1E-30	1.0E-10	1.0E+10	0.00000000498	0.11	1.0E+10	1E-30	9500	1.0E+10	0.00000011	200	1.0E+10	0.00000015	200	1.0E+10	0.000000033	7	1E-30	1.0E+10	1.0E+10	1E-30	1.0E+10	1.0E+10	1E-30	1.0E+10	1.0E+10	1E-30	1.0E+10	1.0E+10	1E-30	1.0E+10	1.0E+10	1E-30	1.0E+10	1.0E+10
16	0.00000000000012	1E-30	1.0E-10	1.0E+10	0.0000000054	0.11	1.0E+10	1E-30	10000	1.0E+10	0.00000015	320	1.0E+10	0.00000014	210	1.0E+10	0.000000037	8	1E-30	1.0E+10	1.0E+10	1E-30	1.0E+10	1.0E+10	1E-30	1.0E+10	1.0E+10	1E-30	1.0E+10	1.0E+10	1E-30	1.0E+10	1.0E+10	1E-30	1.0E+10	1.0E+10
17	0.000000000000135	1E-30	1.0E-10	1.0E+10	0.00000000578	0.11	1.0E+10	1E-30	9500	1.0E+10	0.00000015	270	1.0E+10	0.00000015	250	1.0E+10	0.000000043	10	1E-30	1.0E+10	1.0E+10	1E-30	1.0E+10	1.0E+10	1E-30	1.0E+10	1.0E+10	1E-30	1.0E+10	1.0E+10	1E-30	1.0E+10	1.0E+10	1E-30	1.0E+10	1.0E+10
18	0.00000000000014	1E-30	1.0E-10	1.0E+10	0.00000000642	0.13	1.0E+10	1E-30	6500	1.0E+10	0.00000012	90	1.0E+10	0.000000125	180	1.0E+10	0.000000058	8	1E-30	1.0E+10	1.0E+10	1E-30	1.0E+10	1.0E+10	1E-30	1.0E+10	1.0E+10	1E-30	1.0E+10	1.0E+10	1E-30	1.0E+10	1.0E+10	1E-30	1.0E+10	1.0E+10
19	0.00000000000019	1E-30	1.0E-10	1.0E+10	0.00000000715	0.13	1.0E+10	1E-30	10000	1.0E+10	0.00000014	90	1.0E+10	0.00000012	260	1.0E+10	0.000000059	7	1E-30	1.0E+10	1.0E+10	1E-30	1.0E+10	1.0E+10	1E-30	1.0E+10	1.0E+10	1E-30	1.0E+10	1.0E+10	1E-30	1.0E+10	1.0E+10	1E-30	1.0E+10	1.0E+10
20	0.000000000000183	1E-30	1.0E-10	1.0E+10	0.00000000787	0.13	1.0E+10	1E-30	7500	1.0E+10	0.00000018	160	1.0E+10	0.00000015	260	1.0E+10	0.000000059	8	1E-30	1.0E+10	1.0E+10	1E-30	1.0E+10	1.0E+10	1E-30	1.0E+10	1.0E+10	1E-30	1.0E+10	1.0E+10	1E-30	1.0E+10	1.0E+10	1E-30	1.0E+10	1.0E+10
21	0.00000000000016	1E-30	1.0E-10	1.0E+10	0.0000000089	0.12	1.0E+10	1E-30	9000	1.0E+10	0.00000017	110	1.0E+10	0.00000015	260	1.0E+10	0.000000058	7.8	1E-30	1.0E+10	1.0E+10	1E-30	1.0E+10	1.0E+10	1E-30	1.0E+10	1.0E+10	1E-30	1.0E+10	1.0E+10	1E-30	1.0E+10	1.0E+10	1E-30	1.0E+10	1.0E+10
22	0.000000000000162	1E-30	1.0E-10	1.0E+10	0.00000000968	0.11	1.0E+10	1E-30	8500	1.0E+10	0.00000016	110	1.0E+10	0.00000015	260	1.0E+10	0.00000007	9	1E-30	1.0E+10	1.0E+10	1E-30	1.0E+10	1.0E+10	1E-30	1.0E+10	1.0E+10	1E-30	1.0E+10	1.0E+10	1E-30	1.0E+10	1.0E+10	1E-30	1.0E+10	1.0E+10
23	0.0000000000002	1E-30	1.0E-10	1.0E+10	0.0000000108	0.16	1.0E+10	1E-30	10500	1.0E+10	0.00000017	100	1.0E+10	0.00000015	270	1.0E+10	0.000000078	9.5	1E-30	1.0E+10	1.0E+10	1E-30	1.0E+10	1.0E+10	1E-30	1.0E+10	1.0E+10	1E-30	1.0E+10	1.0E+10	1E-30	1.0E+10	1.0E+10	1E-30	1.0E+10	1.0E+10
24	0.000000000000157	1E-30	1.0E-10	1.0E+10	0.000000012	0.18	1.0E+10	1E-30	10000	1.0E+10	0.000000175	100	1.0E+10	0.0000002	370	1.0E+10	0.000000078	9	1E-30	1.0E+10	1.0E+10	1E-30	1.0E+10	1.0E+10	1E-30	1.0E+10	1.0E+10	1E-30	1.0E+10	1.0E+10	1E-30	1.0E+10	1.0E+10	1E-30	1.0E+10	1.0E+10
25	0.000000000000204	1E-30	1.0E-10	1.0E+10	0.0000000141	0.18	1.0E+10	1E-30	9500	1.0E+10	0.00000018	90	1.0E+10	0.00000021	350	1.0E+10	0.00000012	17	1E-30	1.0E+10	1.0E+10	1E-30	1.0E+10	1.0E+10	1E-30	1.0E+10	1.0E+10	1E-30	1.0E+10	1.0E+10	1E-30	1.0E+10	1.0E+10	1E-30	1.0E+10	1.0E+10
26	0.000000000000202	1E-30	1.0E-10	1.0E+10	0.000000018	0.195	1.0E+10	1E-30	17000	1.0E+10	0.00000019	70	1.0E+10	0.00000023	500	1.0E+10	0.00000015	18	1E-30	1.0E+10	1.0E+10	1E-30	1.0E+10	1.0E+10	1E-30	1.0E+10	1.0E+10	1E-30	1.0E+10	1.0E+10	1E-30	1.0E+10	1.0E+10	1E-30	1.0E+10	1.0E+10
27	0.00000000000019	1E-30	1.0E-10	1.0E+10	0.000000022	0.22	1.0E+10	1E-30	15000	1.0E+10	0.0000002	90	1.0E+10	0.00000035	850	1.0E+10	0.000000157	16	1E-30	1.0E+10	1.0E+10	1E-30	1.0E+10	1.0E+10	1E-30	1.0E+10	1.0E+10	1E-30	1.0E+10	1.0E+10	1E-30	1.0E+10	1.0E+10	1E-30	1.0E+10	1.0E+10
28	0.000000000000203	1E-30	1.0E-10	1.0E+10	0.0000000276	0.28	1.0E+10	1E-30	13000	1.0E+10	0.00000028	130	1.0E+10	0.00000035	580	1.0E+10	0.00000016	15	1E-30	1.0E+10	1.0E+10	1E-30	1.0E+10	1.0E+10	1E-30	1.0E+10	1.0E+10	1E-30	1.0E+10	1.0E+10	1E-30	1.0E+10	1.0E+10	1E-30	1.0E+10	1.0E+10
29	0.00000000000021	1E-30	1.0E-10	1.0E+10	0.0000000343	0.31	1.0E+10	1E-30	18000	1.0E+10	0.000000315	150	1.0E+10	0.000000175	19	1.0E+10	0.00000047	1100	1.25E-14	0.0000000232	60	1E-30	1.0E+10	1.0E+10	1E-30	1.0E+10	1.0E+10	1E-30	1.0E+10	1.0E+10	1E-30	1.0E+10	1.0E+10	1E-30	1.0E+10	1.0E+10
30	0.0000000000002	1E-30	1.0E-10	1.0E+10	0.0000000438	0.36	1.0E+10	1E-30	18000	1.0E+10	0.00000031	115	1.0E+10	0.000000215	14.5	1.0E+10	0.0000005	950	1.37E-14	0.000000029	80	1E-30	1.0E+10	1.0E+10	1E-30	1.0E+10	1.0E+10	1E-30	1.0E+10	1.0E+10	1E-30	1.0E+10	1.0E+10	1E-30	1.0E+10	1.0E+10
31	0.00000000000022	1E-30	1.0E-10	1.0E+10	0.000000053	0.4	1.0E+10	1E-30	15000	1.0E+10	0.00000032	110	1.0E+10	0.00000025	15	1.0E+10	0.00000056	950	1.12E-14	0.0000000418	90	1E-30	1.0E+10	1.0E+10	1E-30	1.0E+10	1.0E+10	1E-30	1.0E+10	1.0E+10	1E-30	1.0E+10	1.0E+10	1E-30	1.0E+10	1.0E+10
32	0.000000000000227	1E-30	1.0E-10	1.0E+10	0.0000000657	0.492	1.0E+10	1E-30	14000	1.0E+10	0.00000035	100	1.0E+10	0.00000029	14	1.0E+10	0.00000075	1200	1.52E-14	0.00000004	90	1E-30	1.0E+10	1.0E+10	1E-30	1.0E+10	1.0E+10	1E-30	1.0E+10	1.0E+10	1E-30	1.0E+10	1.0E+10	1E-30	1.0E+10	1.0E+10
33	0.00000000000024	1E-30	1.0E-10	1.0E+10	0.00000008	0.557	1.0E+10	1E-30	20000	1.0E+10	0.0000004	95	1.0E+10	0.00000036	16	1.0E+10	0.00000065	850	1.35E-14	0.0000000571	120	1E-30	1.0E+10	1.0E+10	1E-30	1.0E+10	1.0E+10	1E-30	1.0E+10	1.0E+10	1E-30	1.0E+10	1.0E+10	1E-30	1.0E+10	1.0E+10
34	0.00000000000024	1E-30	1.0E-10	1.0E+10	0.0000000956	0.639	1.0E+10	1E-30	15500	1.0E+10	0.0000009	32	1.0E+10	0.0000006	560	1.0E+10	0.00000038	48	0.000000000000019	0.000000053	160	0.000000000000007	4.17578444198316E-08	200	1E-30	1.0E+10	1.0E+10	1E-30	1.0E+10	1.0E+10	1E-30	1.0E+10	1.0E+10	1E-30	1.0E+10	1.0E+10
35	0.00000000000028	1E-30	1.0E-10	1.0E+10	0.000000114	0.807	1.0E+10	1E-30	12000	1.0E+10	0.00000098	42	1.0E+10	0.0000008	700	1.0E+10	0.00000049	64	2.15E-14	0.000000058	140	5.65E-15	0.000000067	210	1E-30	1.0E+10	1.0E+10	1E-30	1.0E+10	1.0E+10	1E-30	1.0E+10	1.0E+10	1E-30	1.0E+10	1.0E+10
36	0.00000000000031	1E-30	1.0E-10	1.0E+10	0.000000142	0.943	1.0E+10	1E-30	14000	1.0E+10	0.00000098	36	1.0E+10	0.00000095	800	1.0E+10	0.0000006	95	0.00000000000002	0.000000082	155	5.55E-15	0.000000091	250	1E-30	1.0E+10	1.0E+10	1E-30	1.0E+10	1.0E+10	1E-30	1.0E+10	1.0E+10	1E-30	1.0E+10	1.0E+10
37	0.00000000000031	1E-30	1.0E-10	1.0E+10	0.000000173	1.18	1.0E+10	1E-30	11000	1.0E+10	0.00000098	32	1.0E+10	0.0000012	900	1.0E+10	0.00000076	105	0.000000000000021	0.000000094	180	9.8E-15	6.40510070758879E-08	280	3.82189367393619E-15	7.83043714615233E-08	300	1E-30	1.0E+10	1.0E+10	1E-30	1.0E+10	1.0E+10	1E-30	1.0E+10	1.0E+10
END DSCRDATA
