BEGIN DSCRDATA
% INDEX	K01	L01	M01	K02	L02	M02	K03	L03	M03	K04	L04	M04	K05	L05	M05	K06	L06	M06	K07	L07	M07	K08	L08	M08	K09	L09	M09	K10	L10	M10	K11	L11	M11	K12	L12	M12
0	0.000000000000115	1E-30	1.0E-10	1.0E+10	0.00000000167	0.04	1.0E+10	1E-30	15000	1.0E+10	0.000000046	160	1.0E+10	0.000000048	40	1.0E+10	0.000000019	5	1E-30	1.0E+10	1.0E+10	1E-30	1.0E+10	1.0E+10	1E-30	1.0E+10	1.0E+10	1E-30	1.0E+10	1.0E+10	1E-30	1.0E+10	1.0E+10	1E-30	1.0E+10	1.0E+10
1	0.00000000000015	1E-30	1.0E-10	1.0E+10	0.0000000018	0.04	1.0E+10	1E-30	15000	1.0E+10	0.000000046	160	1.0E+10	0.000000048	40	1.0E+10	0.000000021	5	1E-30	1.0E+10	1.0E+10	1E-30	1.0E+10	1.0E+10	1E-30	1.0E+10	1.0E+10	1E-30	1.0E+10	1.0E+10	1E-30	1.0E+10	1.0E+10	1E-30	1.0E+10	1.0E+10
2	0.0000000000002	1E-30	1.0E-10	1.0E+10	0.00000000197	0.04	1.0E+10	1E-30	15000	1.0E+10	0.000000046	160	1.0E+10	0.000000048	40	1.0E+10	0.000000021	3.5	1E-30	1.0E+10	1.0E+10	1E-30	1.0E+10	1.0E+10	1E-30	1.0E+10	1.0E+10	1E-30	1.0E+10	1.0E+10	1E-30	1.0E+10	1.0E+10	1E-30	1.0E+10	1.0E+10
3	0.00000000000027	1E-30	1.0E-10	1.0E+10	0.00000000207	0.04	1.0E+10	1E-30	15000	1.0E+10	0.000000045	160	1.0E+10	0.000000048	40	1.0E+10	0.000000018	3	1E-30	1.0E+10	1.0E+10	1E-30	1.0E+10	1.0E+10	1E-30	1.0E+10	1.0E+10	1E-30	1.0E+10	1.0E+10	1E-30	1.0E+10	1.0E+10	1E-30	1.0E+10	1.0E+10
4	0.000000000000135	1E-30	1.0E-10	1.0E+10	0.00000000228	0.04	1.0E+10	1E-30	12000	1.0E+10	0.00000005	160	1.0E+10	0.000000048	40	1.0E+10	0.00000002	4	1E-30	1.0E+10	1.0E+10	1E-30	1.0E+10	1.0E+10	1E-30	1.0E+10	1.0E+10	1E-30	1.0E+10	1.0E+10	1E-30	1.0E+10	1.0E+10	1E-30	1.0E+10	1.0E+10
5	0.000000000000178	1E-30	1.0E-10	1.0E+10	0.0000000024	0.04	1.0E+10	1E-30	12000	1.0E+10	0.00000005	160	1.0E+10	0.00000005	40	1.0E+10	0.000000021	4	1E-30	1.0E+10	1.0E+10	1E-30	1.0E+10	1.0E+10	1E-30	1.0E+10	1.0E+10	1E-30	1.0E+10	1.0E+10	1E-30	1.0E+10	1.0E+10	1E-30	1.0E+10	1.0E+10
6	0.00000000000021	1E-30	1.0E-10	1.0E+10	0.00000000265	0.035	1.0E+10	1E-30	12000	1.0E+10	0.00000005	160	1.0E+10	0.00000005	40	1.0E+10	0.000000025	4	1E-30	1.0E+10	1.0E+10	1E-30	1.0E+10	1.0E+10	1E-30	1.0E+10	1.0E+10	1E-30	1.0E+10	1.0E+10	1E-30	1.0E+10	1.0E+10	1E-30	1.0E+10	1.0E+10
7	0.00000000000026	1E-30	1.0E-10	1.0E+10	0.00000000285	0.045	1.0E+10	1E-30	9000	1.0E+10	0.00000006	200	1.0E+10	0.000000055	40	1.0E+10	0.000000026	5.2	1E-30	1.0E+10	1.0E+10	1E-30	1.0E+10	1.0E+10	1E-30	1.0E+10	1.0E+10	1E-30	1.0E+10	1.0E+10	1E-30	1.0E+10	1.0E+10	1E-30	1.0E+10	1.0E+10
8	0.00000000000025	1E-30	1.0E-10	1.0E+10	0.00000000307	0.045	1.0E+10	1E-30	7000	1.0E+10	0.000000065	200	1.0E+10	0.00000006	40	1.0E+10	0.000000033	6	1E-30	1.0E+10	1.0E+10	1E-30	1.0E+10	1.0E+10	1E-30	1.0E+10	1.0E+10	1E-30	1.0E+10	1.0E+10	1E-30	1.0E+10	1.0E+10	1E-30	1.0E+10	1.0E+10
9	0.00000000000009	1E-30	1.0E-10	1.0E+10	0.00000000335	0.06	1.0E+10	1E-30	6000	1.0E+10	0.00000008	200	1.0E+10	0.00000006	45	1.0E+10	0.000000033	5.5	1E-30	1.0E+10	1.0E+10	1E-30	1.0E+10	1.0E+10	1E-30	1.0E+10	1.0E+10	1E-30	1.0E+10	1.0E+10	1E-30	1.0E+10	1.0E+10	1E-30	1.0E+10	1.0E+10
10	0.00000000000011	1E-30	1.0E-10	1.0E+10	0.00000000369	0.06	1.0E+10	1E-30	6500	1.0E+10	0.00000008	200	1.0E+10	0.000000085	70	1.0E+10	0.000000033	5.5	1E-30	1.0E+10	1.0E+10	1E-30	1.0E+10	1.0E+10	1E-30	1.0E+10	1.0E+10	1E-30	1.0E+10	1.0E+10	1E-30	1.0E+10	1.0E+10	1E-30	1.0E+10	1.0E+10
11	0.000000000000115	1E-30	1.0E-10	1.0E+10	0.0000000041	0.07	1.0E+10	1E-30	5500	1.0E+10	0.0000001	200	1.0E+10	0.000000085	70	1.0E+10	0.000000033	4.9	1E-30	1.0E+10	1.0E+10	1E-30	1.0E+10	1.0E+10	1E-30	1.0E+10	1.0E+10	1E-30	1.0E+10	1.0E+10	1E-30	1.0E+10	1.0E+10	1E-30	1.0E+10	1.0E+10
12	0.000000000000155	1E-30	1.0E-10	1.0E+10	0.00000000442	0.07	1.0E+10	1E-30	5500	1.0E+10	0.00000011	200	1.0E+10	0.000000105	120	1.0E+10	0.000000033	5.2	1E-30	1.0E+10	1.0E+10	1E-30	1.0E+10	1.0E+10	1E-30	1.0E+10	1.0E+10	1E-30	1.0E+10	1.0E+10	1E-30	1.0E+10	1.0E+10	1E-30	1.0E+10	1.0E+10
13	0.000000000000097	1E-30	1.0E-10	1.0E+10	0.00000000472	0.08	1.0E+10	1E-30	6000	1.0E+10	0.00000011	200	1.0E+10	0.00000015	200	1.0E+10	0.000000033	7.2	1E-30	1.0E+10	1.0E+10	1E-30	1.0E+10	1.0E+10	1E-30	1.0E+10	1.0E+10	1E-30	1.0E+10	1.0E+10	1E-30	1.0E+10	1.0E+10	1E-30	1.0E+10	1.0E+10
14	0.000000000000109	1E-30	1.0E-10	1.0E+10	0.00000000515	0.1	1.0E+10	1E-30	7000	1.0E+10	0.00000011	200	1.0E+10	0.00000015	200	1.0E+10	0.000000033	7.4	1E-30	1.0E+10	1.0E+10	1E-30	1.0E+10	1.0E+10	1E-30	1.0E+10	1.0E+10	1E-30	1.0E+10	1.0E+10	1E-30	1.0E+10	1.0E+10	1E-30	1.0E+10	1.0E+10
15	0.000000000000132	1E-30	1.0E-10	1.0E+10	0.0000000056	0.102	1.0E+10	1E-30	9000	1.0E+10	0.00000015	320	1.0E+10	0.00000014	280	1.0E+10	0.000000037	8.3	1E-30	1.0E+10	1.0E+10	1E-30	1.0E+10	1.0E+10	1E-30	1.0E+10	1.0E+10	1E-30	1.0E+10	1.0E+10	1E-30	1.0E+10	1.0E+10	1E-30	1.0E+10	1.0E+10
16	0.000000000000135	1E-30	1.0E-10	1.0E+10	0.000000006	0.122	1.0E+10	1E-30	7500	1.0E+10	0.00000015	270	1.0E+10	0.00000015	250	1.0E+10	0.000000043	8.7	1E-30	1.0E+10	1.0E+10	1E-30	1.0E+10	1.0E+10	1E-30	1.0E+10	1.0E+10	1E-30	1.0E+10	1.0E+10	1E-30	1.0E+10	1.0E+10	1E-30	1.0E+10	1.0E+10
17	0.000000000000145	1E-30	1.0E-10	1.0E+10	0.00000000651	0.13	1.0E+10	1E-30	6500	1.0E+10	0.00000012	90	1.0E+10	0.000000125	180	1.0E+10	0.000000058	7.5	1E-30	1.0E+10	1.0E+10	1E-30	1.0E+10	1.0E+10	1E-30	1.0E+10	1.0E+10	1E-30	1.0E+10	1.0E+10	1E-30	1.0E+10	1.0E+10	1E-30	1.0E+10	1.0E+10
18	0.000000000000183	1E-30	1.0E-10	1.0E+10	0.00000000707	0.13	1.0E+10	1E-30	9000	1.0E+10	0.00000014	90	1.0E+10	0.00000012	260	1.0E+10	0.000000059	8.3	1E-30	1.0E+10	1.0E+10	1E-30	1.0E+10	1.0E+10	1E-30	1.0E+10	1.0E+10	1E-30	1.0E+10	1.0E+10	1E-30	1.0E+10	1.0E+10	1E-30	1.0E+10	1.0E+10
19	0.00000000000015	1E-30	1.0E-10	1.0E+10	0.000000008	0.13	1.0E+10	1E-30	10000	1.0E+10	0.00000023	140	1.0E+10	0.00000011	220	1.0E+10	0.000000049	7.2	1E-30	1.0E+10	1.0E+10	1E-30	1.0E+10	1.0E+10	1E-30	1.0E+10	1.0E+10	1E-30	1.0E+10	1.0E+10	1E-30	1.0E+10	1.0E+10	1E-30	1.0E+10	1.0E+10
20	0.000000000000163	1E-30	1.0E-10	1.0E+10	0.0000000086	0.13	1.0E+10	1E-30	9500	1.0E+10	0.00000019	160	1.0E+10	0.00000014	260	1.0E+10	0.000000059	8.8	1E-30	1.0E+10	1.0E+10	1E-30	1.0E+10	1.0E+10	1E-30	1.0E+10	1.0E+10	1E-30	1.0E+10	1.0E+10	1E-30	1.0E+10	1.0E+10	1E-30	1.0E+10	1.0E+10
21	0.00000000000017	1E-30	1.0E-10	1.0E+10	0.0000000095	0.14	1.0E+10	1E-30	9000	1.0E+10	0.000000175	110	1.0E+10	0.00000015	260	1.0E+10	0.000000065	8	1E-30	1.0E+10	1.0E+10	1E-30	1.0E+10	1.0E+10	1E-30	1.0E+10	1.0E+10	1E-30	1.0E+10	1.0E+10	1E-30	1.0E+10	1.0E+10	1E-30	1.0E+10	1.0E+10
22	0.00000000000019	1E-30	1.0E-10	1.0E+10	0.0000000103	0.11	1.0E+10	1E-30	9000	1.0E+10	0.00000018	110	1.0E+10	0.00000015	260	1.0E+10	0.000000076	9	1E-30	1.0E+10	1.0E+10	1E-30	1.0E+10	1.0E+10	1E-30	1.0E+10	1.0E+10	1E-30	1.0E+10	1.0E+10	1E-30	1.0E+10	1.0E+10	1E-30	1.0E+10	1.0E+10
23	0.000000000000168	1E-30	1.0E-10	1.0E+10	0.0000000115	0.16	1.0E+10	1E-30	11500	1.0E+10	0.00000019	100	1.0E+10	0.00000015	270	1.0E+10	0.000000078	9.5	1E-30	1.0E+10	1.0E+10	1E-30	1.0E+10	1.0E+10	1E-30	1.0E+10	1.0E+10	1E-30	1.0E+10	1.0E+10	1E-30	1.0E+10	1.0E+10	1E-30	1.0E+10	1.0E+10
24	0.000000000000157	1E-30	1.0E-10	1.0E+10	0.0000000128	0.18	1.0E+10	1E-30	10500	1.0E+10	0.00000018	100	1.0E+10	0.0000002	370	1.0E+10	0.000000078	9	1E-30	1.0E+10	1.0E+10	1E-30	1.0E+10	1.0E+10	1E-30	1.0E+10	1.0E+10	1E-30	1.0E+10	1.0E+10	1E-30	1.0E+10	1.0E+10	1E-30	1.0E+10	1.0E+10
25	0.000000000000208	1E-30	1.0E-10	1.0E+10	0.0000000149	0.18	1.0E+10	1E-30	10000	1.0E+10	0.00000019	90	1.0E+10	0.0000002	350	1.0E+10	0.00000012	12	1E-30	1.0E+10	1.0E+10	1E-30	1.0E+10	1.0E+10	1E-30	1.0E+10	1.0E+10	1E-30	1.0E+10	1.0E+10	1E-30	1.0E+10	1.0E+10	1E-30	1.0E+10	1.0E+10
26	0.000000000000202	1E-30	1.0E-10	1.0E+10	0.0000000188	0.195	1.0E+10	1E-30	17000	1.0E+10	0.00000019	70	1.0E+10	0.00000023	500	1.0E+10	0.00000015	15	1E-30	1.0E+10	1.0E+10	1E-30	1.0E+10	1.0E+10	1E-30	1.0E+10	1.0E+10	1E-30	1.0E+10	1.0E+10	1E-30	1.0E+10	1.0E+10	1E-30	1.0E+10	1.0E+10
27	0.000000000000194	1E-30	1.0E-10	1.0E+10	0.0000000228	0.22	1.0E+10	1E-30	16500	1.0E+10	0.0000002	90	1.0E+10	0.00000035	850	1.0E+10	0.000000157	14	1E-30	1.0E+10	1.0E+10	1E-30	1.0E+10	1.0E+10	1E-30	1.0E+10	1.0E+10	1E-30	1.0E+10	1.0E+10	1E-30	1.0E+10	1.0E+10	1E-30	1.0E+10	1.0E+10
28	0.000000000000203	1E-30	1.0E-10	1.0E+10	0.0000000285	0.28	1.0E+10	1E-30	13000	1.0E+10	0.00000028	130	1.0E+10	0.00000035	580	1.0E+10	0.00000016	14	1E-30	1.0E+10	1.0E+10	1E-30	1.0E+10	1.0E+10	1E-30	1.0E+10	1.0E+10	1E-30	1.0E+10	1.0E+10	1E-30	1.0E+10	1.0E+10	1E-30	1.0E+10	1.0E+10
29	0.00000000000021	1E-30	1.0E-10	1.0E+10	0.000000035	0.31	1.0E+10	1E-30	17000	1.0E+10	0.00000033	150	1.0E+10	0.00000018	19	1.0E+10	0.00000047	1100	0.000000000000013	0.0000000232	70	1E-30	1.0E+10	1.0E+10	1E-30	1.0E+10	1.0E+10	1E-30	1.0E+10	1.0E+10	1E-30	1.0E+10	1.0E+10	1E-30	1.0E+10	1.0E+10
30	0.0000000000002	1E-30	1.0E-10	1.0E+10	0.0000000442	0.36	1.0E+10	1E-30	18000	1.0E+10	0.00000032	110	1.0E+10	0.00000022	14.5	1.0E+10	0.0000005	950	1.43E-14	0.000000029	90	1E-30	1.0E+10	1.0E+10	1E-30	1.0E+10	1.0E+10	1E-30	1.0E+10	1.0E+10	1E-30	1.0E+10	1.0E+10	1E-30	1.0E+10	1.0E+10
31	0.00000000000021	1E-30	1.0E-10	1.0E+10	0.0000000535	0.4	1.0E+10	1E-30	15000	1.0E+10	0.00000035	110	1.0E+10	0.00000025	15	1.0E+10	0.00000056	950	0.000000000000012	0.0000000418	90	1E-30	1.0E+10	1.0E+10	1E-30	1.0E+10	1.0E+10	1E-30	1.0E+10	1.0E+10	1E-30	1.0E+10	1.0E+10	1E-30	1.0E+10	1.0E+10
32	0.000000000000227	1E-30	1.0E-10	1.0E+10	0.0000000665	0.492	1.0E+10	1E-30	16000	1.0E+10	0.00000035	108	1.0E+10	0.00000029	14	1.0E+10	0.00000075	1200	1.52E-14	0.00000004	130	1E-30	1.0E+10	1.0E+10	1E-30	1.0E+10	1.0E+10	1E-30	1.0E+10	1.0E+10	1E-30	1.0E+10	1.0E+10	1E-30	1.0E+10	1.0E+10
33	0.00000000000024	1E-30	1.0E-10	1.0E+10	0.000000081	0.557	1.0E+10	1E-30	20000	1.0E+10	0.00000042	95	1.0E+10	0.00000036	16	1.0E+10	0.00000065	850	1.39E-14	0.0000000571	150	1E-30	1.0E+10	1.0E+10	1E-30	1.0E+10	1.0E+10	1E-30	1.0E+10	1.0E+10	1E-30	1.0E+10	1.0E+10	1E-30	1.0E+10	1.0E+10
34	0.00000000000024	1E-30	1.0E-10	1.0E+10	0.000000096	0.639	1.0E+10	1E-30	15000	1.0E+10	0.00000098	35	1.0E+10	0.0000006	550	1.0E+10	0.00000038	45	1.91359470540995E-14	5.29480894548313E-08	160	7.2E-15	4.17578444198316E-08	200	1E-30	1.0E+10	1.0E+10	1E-30	1.0E+10	1.0E+10	1E-30	1.0E+10	1.0E+10	1E-30	1.0E+10	1.0E+10
35	0.00000000000028	1E-30	1.0E-10	1.0E+10	0.000000115	0.807	1.0E+10	1E-30	13000	1.0E+10	0.00000098	33	1.0E+10	0.00000077	700	1.0E+10	0.00000048	64	0.000000000000022	0.000000058	140	5.75E-15	0.000000067	210	1E-30	1.0E+10	1.0E+10	1E-30	1.0E+10	1.0E+10	1E-30	1.0E+10	1.0E+10	1E-30	1.0E+10	1.0E+10
36	0.00000000000032	1E-30	1.0E-10	1.0E+10	0.000000142	1	1.0E+10	1E-30	16000	1.0E+10	0.00000105	33	1.0E+10	0.00000095	800	1.0E+10	0.0000006	80	0.000000000000021	0.000000082	145	5.69E-15	0.000000091	250	1E-30	1.0E+10	1.0E+10	1E-30	1.0E+10	1.0E+10	1E-30	1.0E+10	1.0E+10	1E-30	1.0E+10	1.0E+10
37	0.00000000000034	1E-30	1.0E-10	1.0E+10	0.000000173	1.1	1.0E+10	1E-30	15000	1.0E+10	0.00000098	45	1.0E+10	0.0000012	1000	1.0E+10	0.00000076	105	0.000000000000022	0.000000094	210	9.8E-15	6.40510070758879E-08	280	3.82189367393619E-15	7.83043714615233E-08	300	1E-30	1.0E+10	1.0E+10	1E-30	1.0E+10	1.0E+10	1E-30	1.0E+10	1.0E+10
38	0.000000000000241	1E-30	1.0E-10	1.0E+10	0.000000186	2.35	1.0E+10	1E-30	25000	1.0E+10	0.0000015	430	1.0E+10	0.0000023	2600	1.0E+10	0.0000015	98	1.55E-14	0.000000122	220	5.77E-15	0.0000000995	330	3.34E-15	0.0000000878	300	1E-30	1.0E+10	1.0E+10	1E-30	1.0E+10	1.0E+10	1E-30	1.0E+10	1.0E+10
39	0.000000000000249	1E-30	1.0E-10	1.0E+10	0.000000229	2.76	1.0E+10	1E-30	32000	1.0E+10	0.0000015	350	1.0E+10	0.0000026	2600	1.0E+10	0.0000018	95	1.94E-14	0.000000126	260	8.78E-15	8.57519328966125E-08	350	4.78E-15	0.0000000769	350	1E-30	1.0E+10	1.0E+10	1E-30	1.0E+10	1.0E+10	1E-30	1.0E+10	1.0E+10
40	0.000000000000243	1E-30	1.0E-10	1.0E+10	0.000000274	3.4	1.0E+10	1E-30	30000	1.0E+10	0.0000016	220	1.0E+10	0.0000023	1900	1.0E+10	0.0000055	160	1.73E-14	0.00000017	320	7.45E-15	0.000000124	450	4.32E-15	0.000000101	480	1E-30	1.0E+10	1.0E+10	1E-30	1.0E+10	1.0E+10	1E-30	1.0E+10	1.0E+10
41	0.00000000000029	1E-30	1.0E-10	1.0E+10	0.000000335	4	1.0E+10	1E-30	25000	1.0E+10	0.0000017	220	1.0E+10	0.0000028	2200	1.0E+10	0.000012	350	0.000000000000022	0.000000178	280	0.000000000000008	0.000000154	400	4.5E-15	0.000000132	600	2.97E-15	0.000000118	800	1E-30	1.0E+10	1.0E+10	1E-30	1.0E+10	1.0E+10
END DSCRDATA
