BEGIN DSCRDATA
% INDEX	K01	L01	M01	K02	L02	M02	K03	L03	M03	K04	L04	M04	K05	L05	M05	K06	L06	M06	K07	L07	M07	K08	L08	M08	K09	L09	M09	K10	L10	M10	K11	L11	M11	K12	L12	M12
0	0.00000000000004	1E-30	1.0E-10	1.0E+10	0.000000000625	0.01	1.0E+10	1E-30	12000	1.0E+10	0.000000085	490	1.0E+10	0.00000013	400	1.0E+10	0.000000015	6	1E-30	1.0E+10	1.0E+10	1E-30	1.0E+10	1.0E+10	1E-30	1.0E+10	1.0E+10	1E-30	1.0E+10	1.0E+10	1E-30	1.0E+10	1.0E+10	1E-30	1.0E+10	1.0E+10
1	0.00000000000004	1E-30	1.0E-10	1.0E+10	0.000000000625	0.01	1.0E+10	1E-30	12000	1.0E+10	0.000000085	490	1.0E+10	0.00000013	400	1.0E+10	0.000000015	6	1E-30	1.0E+10	1.0E+10	1E-30	1.0E+10	1.0E+10	1E-30	1.0E+10	1.0E+10	1E-30	1.0E+10	1.0E+10	1E-30	1.0E+10	1.0E+10	1E-30	1.0E+10	1.0E+10
2	0.00000000000004	1E-30	1.0E-10	1.0E+10	0.000000000735	0.01	1.0E+10	1E-30	12000	1.0E+10	0.000000085	490	1.0E+10	0.00000015	400	1.0E+10	0.000000015	6	1E-30	1.0E+10	1.0E+10	1E-30	1.0E+10	1.0E+10	1E-30	1.0E+10	1.0E+10	1E-30	1.0E+10	1.0E+10	1E-30	1.0E+10	1.0E+10	1E-30	1.0E+10	1.0E+10
3	0.00000000000004	1E-30	1.0E-10	1.0E+10	0.000000000735	0.01	1.0E+10	1E-30	12000	1.0E+10	0.000000085	490	1.0E+10	0.00000015	400	1.0E+10	0.000000015	6	1E-30	1.0E+10	1.0E+10	1E-30	1.0E+10	1.0E+10	1E-30	1.0E+10	1.0E+10	1E-30	1.0E+10	1.0E+10	1E-30	1.0E+10	1.0E+10	1E-30	1.0E+10	1.0E+10
4	0.00000000000004	1E-30	1.0E-10	1.0E+10	0.00000000085	0.01	1.0E+10	1E-30	10000	1.0E+10	0.00000007	490	1.0E+10	0.00000016	400	1.0E+10	0.000000015	10	1E-30	1.0E+10	1.0E+10	1E-30	1.0E+10	1.0E+10	1E-30	1.0E+10	1.0E+10	1E-30	1.0E+10	1.0E+10	1E-30	1.0E+10	1.0E+10	1E-30	1.0E+10	1.0E+10
5	0.00000000000004	1E-30	1.0E-10	1.0E+10	0.00000000085	0.01	1.0E+10	1E-30	10000	1.0E+10	0.00000007	490	1.0E+10	0.00000016	400	1.0E+10	0.000000015	10	1E-30	1.0E+10	1.0E+10	1E-30	1.0E+10	1.0E+10	1E-30	1.0E+10	1.0E+10	1E-30	1.0E+10	1.0E+10	1E-30	1.0E+10	1.0E+10	1E-30	1.0E+10	1.0E+10
6	0.00000000000004	1E-30	1.0E-10	1.0E+10	0.00000000096	0.015	1.0E+10	1E-30	11000	1.0E+10	0.00000007	490	1.0E+10	0.00000013	400	1.0E+10	0.000000015	11	1E-30	1.0E+10	1.0E+10	1E-30	1.0E+10	1.0E+10	1E-30	1.0E+10	1.0E+10	1E-30	1.0E+10	1.0E+10	1E-30	1.0E+10	1.0E+10	1E-30	1.0E+10	1.0E+10
7	0.00000000000004	1E-30	1.0E-10	1.0E+10	0.00000000096	0.015	1.0E+10	1E-30	11000	1.0E+10	0.00000007	490	1.0E+10	0.00000013	400	1.0E+10	0.000000015	11	1E-30	1.0E+10	1.0E+10	1E-30	1.0E+10	1.0E+10	1E-30	1.0E+10	1.0E+10	1E-30	1.0E+10	1.0E+10	1E-30	1.0E+10	1.0E+10	1E-30	1.0E+10	1.0E+10
8	0.000000000000045	1E-30	1.0E-10	1.0E+10	0.00000000108	0.009	1.0E+10	1E-30	10000	1.0E+10	0.00000007	480	1.0E+10	0.00000016	400	1.0E+10	0.000000015	11	1E-30	1.0E+10	1.0E+10	1E-30	1.0E+10	1.0E+10	1E-30	1.0E+10	1.0E+10	1E-30	1.0E+10	1.0E+10	1E-30	1.0E+10	1.0E+10	1E-30	1.0E+10	1.0E+10
9	0.000000000000045	1E-30	1.0E-10	1.0E+10	0.00000000108	0.009	1.0E+10	1E-30	10000	1.0E+10	0.00000007	480	1.0E+10	0.00000016	400	1.0E+10	0.000000015	11	1E-30	1.0E+10	1.0E+10	1E-30	1.0E+10	1.0E+10	1E-30	1.0E+10	1.0E+10	1E-30	1.0E+10	1.0E+10	1E-30	1.0E+10	1.0E+10	1E-30	1.0E+10	1.0E+10
10	0.00000000000005	1E-30	1.0E-10	1.0E+10	0.00000000119	0.012	1.0E+10	1E-30	10000	1.0E+10	0.00000007	480	1.0E+10	0.00000018	400	1.0E+10	0.000000015	13	1E-30	1.0E+10	1.0E+10	1E-30	1.0E+10	1.0E+10	1E-30	1.0E+10	1.0E+10	1E-30	1.0E+10	1.0E+10	1E-30	1.0E+10	1.0E+10	1E-30	1.0E+10	1.0E+10
11	0.00000000000005	1E-30	1.0E-10	1.0E+10	0.00000000119	0.012	1.0E+10	1E-30	10000	1.0E+10	0.00000007	480	1.0E+10	0.00000018	400	1.0E+10	0.000000015	13	1E-30	1.0E+10	1.0E+10	1E-30	1.0E+10	1.0E+10	1E-30	1.0E+10	1.0E+10	1E-30	1.0E+10	1.0E+10	1E-30	1.0E+10	1.0E+10	1E-30	1.0E+10	1.0E+10
12	0.000000000000045	1E-30	1.0E-10	1.0E+10	0.0000000013	0.02	1.0E+10	1E-30	11000	1.0E+10	0.00000007	480	1.0E+10	0.00000025	400	1.0E+10	0.000000015	13	1E-30	1.0E+10	1.0E+10	1E-30	1.0E+10	1.0E+10	1E-30	1.0E+10	1.0E+10	1E-30	1.0E+10	1.0E+10	1E-30	1.0E+10	1.0E+10	1E-30	1.0E+10	1.0E+10
13	0.000000000000045	1E-30	1.0E-10	1.0E+10	0.0000000013	0.02	1.0E+10	1E-30	11000	1.0E+10	0.00000007	480	1.0E+10	0.00000025	400	1.0E+10	0.000000015	13	1E-30	1.0E+10	1.0E+10	1E-30	1.0E+10	1.0E+10	1E-30	1.0E+10	1.0E+10	1E-30	1.0E+10	1.0E+10	1E-30	1.0E+10	1.0E+10	1E-30	1.0E+10	1.0E+10
14	0.00000000000005	1E-30	1.0E-10	1.0E+10	0.00000000142	0.025	1.0E+10	1E-30	10000	1.0E+10	0.000000067	480	1.0E+10	0.0000002	400	1.0E+10	0.000000016	11	1E-30	1.0E+10	1.0E+10	1E-30	1.0E+10	1.0E+10	1E-30	1.0E+10	1.0E+10	1E-30	1.0E+10	1.0E+10	1E-30	1.0E+10	1.0E+10	1E-30	1.0E+10	1.0E+10
15	0.00000000000005	1E-30	1.0E-10	1.0E+10	0.00000000142	0.025	1.0E+10	1E-30	10000	1.0E+10	0.000000067	480	1.0E+10	0.0000002	400	1.0E+10	0.000000016	11	1E-30	1.0E+10	1.0E+10	1E-30	1.0E+10	1.0E+10	1E-30	1.0E+10	1.0E+10	1E-30	1.0E+10	1.0E+10	1E-30	1.0E+10	1.0E+10	1E-30	1.0E+10	1.0E+10
16	0.000000000000055	1E-30	1.0E-10	1.0E+10	0.00000000155	0.03	1.0E+10	1E-30	9500	1.0E+10	0.000000065	480	1.0E+10	0.00000022	400	1.0E+10	0.000000016	11	1E-30	1.0E+10	1.0E+10	1E-30	1.0E+10	1.0E+10	1E-30	1.0E+10	1.0E+10	1E-30	1.0E+10	1.0E+10	1E-30	1.0E+10	1.0E+10	1E-30	1.0E+10	1.0E+10
17	0.000000000000055	1E-30	1.0E-10	1.0E+10	0.00000000155	0.03	1.0E+10	1E-30	9500	1.0E+10	0.000000065	480	1.0E+10	0.00000022	400	1.0E+10	0.000000016	11	1E-30	1.0E+10	1.0E+10	1E-30	1.0E+10	1.0E+10	1E-30	1.0E+10	1.0E+10	1E-30	1.0E+10	1.0E+10	1E-30	1.0E+10	1.0E+10	1E-30	1.0E+10	1.0E+10
18	0.000000000000055	1E-30	1.0E-10	1.0E+10	0.00000000167	0.044	1.0E+10	1E-30	10000	1.0E+10	0.000000065	480	1.0E+10	0.00000022	400	1.0E+10	0.000000016	8	1E-30	1.0E+10	1.0E+10	1E-30	1.0E+10	1.0E+10	1E-30	1.0E+10	1.0E+10	1E-30	1.0E+10	1.0E+10	1E-30	1.0E+10	1.0E+10	1E-30	1.0E+10	1.0E+10
19	0.000000000000055	1E-30	1.0E-10	1.0E+10	0.00000000167	0.044	1.0E+10	1E-30	10000	1.0E+10	0.000000065	480	1.0E+10	0.00000022	400	1.0E+10	0.000000016	8	1E-30	1.0E+10	1.0E+10	1E-30	1.0E+10	1.0E+10	1E-30	1.0E+10	1.0E+10	1E-30	1.0E+10	1.0E+10	1E-30	1.0E+10	1.0E+10	1E-30	1.0E+10	1.0E+10
20	0.000000000000045	1E-30	1.0E-10	1.0E+10	0.00000000178	0.03	1.0E+10	1E-30	9500	1.0E+10	0.000000069	450	1.0E+10	0.0000002	400	1.0E+10	0.0000000165	9.2	1E-30	1.0E+10	1.0E+10	1E-30	1.0E+10	1.0E+10	1E-30	1.0E+10	1.0E+10	1E-30	1.0E+10	1.0E+10	1E-30	1.0E+10	1.0E+10	1E-30	1.0E+10	1.0E+10
21	0.000000000000045	1E-30	1.0E-10	1.0E+10	0.00000000178	0.03	1.0E+10	1E-30	9500	1.0E+10	0.000000069	450	1.0E+10	0.0000002	400	1.0E+10	0.0000000165	9.2	1E-30	1.0E+10	1.0E+10	1E-30	1.0E+10	1.0E+10	1E-30	1.0E+10	1.0E+10	1E-30	1.0E+10	1.0E+10	1E-30	1.0E+10	1.0E+10	1E-30	1.0E+10	1.0E+10
22	0.000000000000055	1E-30	1.0E-10	1.0E+10	0.0000000019	0.035	1.0E+10	1E-30	9500	1.0E+10	0.000000075	450	1.0E+10	0.000000175	400	1.0E+10	0.0000000175	11	1E-30	1.0E+10	1.0E+10	1E-30	1.0E+10	1.0E+10	1E-30	1.0E+10	1.0E+10	1E-30	1.0E+10	1.0E+10	1E-30	1.0E+10	1.0E+10	1E-30	1.0E+10	1.0E+10
23	0.000000000000055	1E-30	1.0E-10	1.0E+10	0.0000000019	0.035	1.0E+10	1E-30	9500	1.0E+10	0.000000075	450	1.0E+10	0.000000175	400	1.0E+10	0.0000000175	11	1E-30	1.0E+10	1.0E+10	1E-30	1.0E+10	1.0E+10	1E-30	1.0E+10	1.0E+10	1E-30	1.0E+10	1.0E+10	1E-30	1.0E+10	1.0E+10	1E-30	1.0E+10	1.0E+10
24	0.000000000000055	1E-30	1.0E-10	1.0E+10	0.00000000202	0.044	1.0E+10	1E-30	12000	1.0E+10	0.00000007	450	1.0E+10	0.0000002	400	1.0E+10	0.000000018	10	1E-30	1.0E+10	1.0E+10	1E-30	1.0E+10	1.0E+10	1E-30	1.0E+10	1.0E+10	1E-30	1.0E+10	1.0E+10	1E-30	1.0E+10	1.0E+10	1E-30	1.0E+10	1.0E+10
25	0.000000000000055	1E-30	1.0E-10	1.0E+10	0.00000000202	0.044	1.0E+10	1E-30	12000	1.0E+10	0.00000007	450	1.0E+10	0.0000002	400	1.0E+10	0.000000018	10	1E-30	1.0E+10	1.0E+10	1E-30	1.0E+10	1.0E+10	1E-30	1.0E+10	1.0E+10	1E-30	1.0E+10	1.0E+10	1E-30	1.0E+10	1.0E+10	1E-30	1.0E+10	1.0E+10
26	0.000000000000057	1E-30	1.0E-10	1.0E+10	0.00000000216	0.04	1.0E+10	1E-30	10000	1.0E+10	0.000000081	500	1.0E+10	0.00000016	400	1.0E+10	0.0000000175	8.8	1E-30	1.0E+10	1.0E+10	1E-30	1.0E+10	1.0E+10	1E-30	1.0E+10	1.0E+10	1E-30	1.0E+10	1.0E+10	1E-30	1.0E+10	1.0E+10	1E-30	1.0E+10	1.0E+10
27	0.000000000000057	1E-30	1.0E-10	1.0E+10	0.00000000216	0.04	1.0E+10	1E-30	10000	1.0E+10	0.000000081	500	1.0E+10	0.00000016	400	1.0E+10	0.0000000175	8.8	1E-30	1.0E+10	1.0E+10	1E-30	1.0E+10	1.0E+10	1E-30	1.0E+10	1.0E+10	1E-30	1.0E+10	1.0E+10	1E-30	1.0E+10	1.0E+10	1E-30	1.0E+10	1.0E+10
28	0.000000000000057	1E-30	1.0E-10	1.0E+10	0.00000000226	0.04	1.0E+10	1E-30	10000	1.0E+10	0.000000081	500	1.0E+10	0.0000002	400	1.0E+10	0.00000002	9.6	1E-30	1.0E+10	1.0E+10	1E-30	1.0E+10	1.0E+10	1E-30	1.0E+10	1.0E+10	1E-30	1.0E+10	1.0E+10	1E-30	1.0E+10	1.0E+10	1E-30	1.0E+10	1.0E+10
29	0.000000000000057	1E-30	1.0E-10	1.0E+10	0.00000000226	0.04	1.0E+10	1E-30	10000	1.0E+10	0.000000081	500	1.0E+10	0.0000002	400	1.0E+10	0.00000002	9.6	1E-30	1.0E+10	1.0E+10	1E-30	1.0E+10	1.0E+10	1E-30	1.0E+10	1.0E+10	1E-30	1.0E+10	1.0E+10	1E-30	1.0E+10	1.0E+10	1E-30	1.0E+10	1.0E+10
30	0.00000000000007	1E-30	1.0E-10	1.0E+10	0.00000000238	0.045	1.0E+10	1E-30	9500	1.0E+10	0.000000083	500	1.0E+10	0.0000002	400	1.0E+10	0.0000000205	9.8	1E-30	1.0E+10	1.0E+10	1E-30	1.0E+10	1.0E+10	1E-30	1.0E+10	1.0E+10	1E-30	1.0E+10	1.0E+10	1E-30	1.0E+10	1.0E+10	1E-30	1.0E+10	1.0E+10
31	0.00000000000007	1E-30	1.0E-10	1.0E+10	0.00000000238	0.045	1.0E+10	1E-30	9500	1.0E+10	0.000000083	500	1.0E+10	0.0000002	400	1.0E+10	0.0000000205	9.8	1E-30	1.0E+10	1.0E+10	1E-30	1.0E+10	1.0E+10	1E-30	1.0E+10	1.0E+10	1E-30	1.0E+10	1.0E+10	1E-30	1.0E+10	1.0E+10	1E-30	1.0E+10	1.0E+10
32	0.00000000000007	1E-30	1.0E-10	1.0E+10	0.00000000248	0.05	1.0E+10	1E-30	10000	1.0E+10	0.00000009	500	1.0E+10	0.0000002	400	1.0E+10	0.000000022	11	1E-30	1.0E+10	1.0E+10	1E-30	1.0E+10	1.0E+10	1E-30	1.0E+10	1.0E+10	1E-30	1.0E+10	1.0E+10	1E-30	1.0E+10	1.0E+10	1E-30	1.0E+10	1.0E+10
33	0.00000000000007	1E-30	1.0E-10	1.0E+10	0.00000000248	0.05	1.0E+10	1E-30	10000	1.0E+10	0.00000009	500	1.0E+10	0.0000002	400	1.0E+10	0.000000022	11	1E-30	1.0E+10	1.0E+10	1E-30	1.0E+10	1.0E+10	1E-30	1.0E+10	1.0E+10	1E-30	1.0E+10	1.0E+10	1E-30	1.0E+10	1.0E+10	1E-30	1.0E+10	1.0E+10
34	0.00000000000009	1E-30	1.0E-10	1.0E+10	0.00000000259	0.06	1.0E+10	1E-30	10000	1.0E+10	0.00000009	500	1.0E+10	0.00000018	400	1.0E+10	0.000000023	12.5	1E-30	1.0E+10	1.0E+10	1E-30	1.0E+10	1.0E+10	1E-30	1.0E+10	1.0E+10	1E-30	1.0E+10	1.0E+10	1E-30	1.0E+10	1.0E+10	1E-30	1.0E+10	1.0E+10
35	0.00000000000009	1E-30	1.0E-10	1.0E+10	0.00000000259	0.06	1.0E+10	1E-30	10000	1.0E+10	0.00000009	500	1.0E+10	0.00000018	400	1.0E+10	0.000000023	12.5	1E-30	1.0E+10	1.0E+10	1E-30	1.0E+10	1.0E+10	1E-30	1.0E+10	1.0E+10	1E-30	1.0E+10	1.0E+10	1E-30	1.0E+10	1.0E+10	1E-30	1.0E+10	1.0E+10
36	0.00000000000009	1E-30	1.0E-10	1.0E+10	0.00000000269	0.08	1.0E+10	1E-30	10000	1.0E+10	0.00000009	450	1.0E+10	0.0000002	450	1.0E+10	0.000000025	11.8	1E-30	1.0E+10	1.0E+10	1E-30	1.0E+10	1.0E+10	1E-30	1.0E+10	1.0E+10	1E-30	1.0E+10	1.0E+10	1E-30	1.0E+10	1.0E+10	1E-30	1.0E+10	1.0E+10
37	0.00000000000009	1E-30	1.0E-10	1.0E+10	0.00000000269	0.08	1.0E+10	1E-30	10000	1.0E+10	0.00000009	450	1.0E+10	0.0000002	450	1.0E+10	0.000000025	11.8	1E-30	1.0E+10	1.0E+10	1E-30	1.0E+10	1.0E+10	1E-30	1.0E+10	1.0E+10	1E-30	1.0E+10	1.0E+10	1E-30	1.0E+10	1.0E+10	1E-30	1.0E+10	1.0E+10
38	0.00000000000009	1E-30	1.0E-10	1.0E+10	0.00000000277	0.085	1.0E+10	1E-30	8000	1.0E+10	0.00000006	170	1.0E+10	0.00000018	400	1.0E+10	0.000000035	14.8	1E-30	1.0E+10	1.0E+10	1E-30	1.0E+10	1.0E+10	1E-30	1.0E+10	1.0E+10	1E-30	1.0E+10	1.0E+10	1E-30	1.0E+10	1.0E+10	1E-30	1.0E+10	1.0E+10
39	0.00000000000009	1E-30	1.0E-10	1.0E+10	0.00000000277	0.085	1.0E+10	1E-30	8000	1.0E+10	0.00000006	170	1.0E+10	0.00000018	400	1.0E+10	0.000000035	14.8	1E-30	1.0E+10	1.0E+10	1E-30	1.0E+10	1.0E+10	1E-30	1.0E+10	1.0E+10	1E-30	1.0E+10	1.0E+10	1E-30	1.0E+10	1.0E+10	1E-30	1.0E+10	1.0E+10
40	0.00000000000008	1E-30	1.0E-10	1.0E+10	0.00000000295	0.055	1.0E+10	1E-30	8400	1.0E+10	0.00000009	450	1.0E+10	0.0000002	400	1.0E+10	0.000000025	13	1E-30	1.0E+10	1.0E+10	1E-30	1.0E+10	1.0E+10	1E-30	1.0E+10	1.0E+10	1E-30	1.0E+10	1.0E+10	1E-30	1.0E+10	1.0E+10	1E-30	1.0E+10	1.0E+10
41	0.00000000000008	1E-30	1.0E-10	1.0E+10	0.00000000295	0.055	1.0E+10	1E-30	8400	1.0E+10	0.00000009	450	1.0E+10	0.0000002	400	1.0E+10	0.000000025	13	1E-30	1.0E+10	1.0E+10	1E-30	1.0E+10	1.0E+10	1E-30	1.0E+10	1.0E+10	1E-30	1.0E+10	1.0E+10	1E-30	1.0E+10	1.0E+10	1E-30	1.0E+10	1.0E+10
42	0.00000000000008	1E-30	1.0E-10	1.0E+10	0.00000000303	0.07	1.0E+10	1E-30	10500	1.0E+10	0.0000001	480	1.0E+10	0.0000002	400	1.0E+10	0.000000028	16	1E-30	1.0E+10	1.0E+10	1E-30	1.0E+10	1.0E+10	1E-30	1.0E+10	1.0E+10	1E-30	1.0E+10	1.0E+10	1E-30	1.0E+10	1.0E+10	1E-30	1.0E+10	1.0E+10
43	0.00000000000008	1E-30	1.0E-10	1.0E+10	0.00000000303	0.07	1.0E+10	1E-30	10500	1.0E+10	0.0000001	480	1.0E+10	0.0000002	400	1.0E+10	0.000000028	16	1E-30	1.0E+10	1.0E+10	1E-30	1.0E+10	1.0E+10	1E-30	1.0E+10	1.0E+10	1E-30	1.0E+10	1.0E+10	1E-30	1.0E+10	1.0E+10	1E-30	1.0E+10	1.0E+10
44	0.000000000000085	1E-30	1.0E-10	1.0E+10	0.00000000316	0.06	1.0E+10	1E-30	9000	1.0E+10	0.0000001	480	1.0E+10	0.0000002	500	1.0E+10	0.000000028	16	1E-30	1.0E+10	1.0E+10	1E-30	1.0E+10	1.0E+10	1E-30	1.0E+10	1.0E+10	1E-30	1.0E+10	1.0E+10	1E-30	1.0E+10	1.0E+10	1E-30	1.0E+10	1.0E+10
45	0.000000000000085	1E-30	1.0E-10	1.0E+10	0.00000000316	0.06	1.0E+10	1E-30	9000	1.0E+10	0.0000001	480	1.0E+10	0.0000002	500	1.0E+10	0.000000028	16	1E-30	1.0E+10	1.0E+10	1E-30	1.0E+10	1.0E+10	1E-30	1.0E+10	1.0E+10	1E-30	1.0E+10	1.0E+10	1E-30	1.0E+10	1.0E+10	1E-30	1.0E+10	1.0E+10
46	0.000000000000085	1E-30	1.0E-10	1.0E+10	0.00000000326	0.07	1.0E+10	1E-30	10000	1.0E+10	0.000000105	480	1.0E+10	0.0000002	400	1.0E+10	0.00000003	17	1E-30	1.0E+10	1.0E+10	1E-30	1.0E+10	1.0E+10	1E-30	1.0E+10	1.0E+10	1E-30	1.0E+10	1.0E+10	1E-30	1.0E+10	1.0E+10	1E-30	1.0E+10	1.0E+10
47	0.000000000000085	1E-30	1.0E-10	1.0E+10	0.00000000326	0.07	1.0E+10	1E-30	10000	1.0E+10	0.000000105	480	1.0E+10	0.0000002	400	1.0E+10	0.00000003	17	1E-30	1.0E+10	1.0E+10	1E-30	1.0E+10	1.0E+10	1E-30	1.0E+10	1.0E+10	1E-30	1.0E+10	1.0E+10	1E-30	1.0E+10	1.0E+10	1E-30	1.0E+10	1.0E+10
48	0.000000000000085	1E-30	1.0E-10	1.0E+10	0.00000000333	0.06	1.0E+10	1E-30	10000	1.0E+10	0.000000105	480	1.0E+10	0.00000018	400	1.0E+10	0.000000037	20	1E-30	1.0E+10	1.0E+10	1E-30	1.0E+10	1.0E+10	1E-30	1.0E+10	1.0E+10	1E-30	1.0E+10	1.0E+10	1E-30	1.0E+10	1.0E+10	1E-30	1.0E+10	1.0E+10
49	0.000000000000085	1E-30	1.0E-10	1.0E+10	0.00000000333	0.06	1.0E+10	1E-30	10000	1.0E+10	0.000000105	480	1.0E+10	0.00000018	400	1.0E+10	0.000000037	20	1E-30	1.0E+10	1.0E+10	1E-30	1.0E+10	1.0E+10	1E-30	1.0E+10	1.0E+10	1E-30	1.0E+10	1.0E+10	1E-30	1.0E+10	1.0E+10	1E-30	1.0E+10	1.0E+10
50	9.45E-14	1E-30	1.0E-10	1.0E+10	0.00000000345	0.08	1.0E+10	1E-30	10000	1.0E+10	0.000000105	480	1.0E+10	0.0000002	400	1.0E+10	0.000000037	21	1E-30	1.0E+10	1.0E+10	1E-30	1.0E+10	1.0E+10	1E-30	1.0E+10	1.0E+10	1E-30	1.0E+10	1.0E+10	1E-30	1.0E+10	1.0E+10	1E-30	1.0E+10	1.0E+10
51	9.45E-14	1E-30	1.0E-10	1.0E+10	0.00000000345	0.08	1.0E+10	1E-30	10000	1.0E+10	0.000000105	480	1.0E+10	0.0000002	400	1.0E+10	0.000000037	21	1E-30	1.0E+10	1.0E+10	1E-30	1.0E+10	1.0E+10	1E-30	1.0E+10	1.0E+10	1E-30	1.0E+10	1.0E+10	1E-30	1.0E+10	1.0E+10	1E-30	1.0E+10	1.0E+10
52	9.51E-14	1E-30	1.0E-10	1.0E+10	0.00000000355	0.092	1.0E+10	1E-30	11000	1.0E+10	0.000000105	480	1.0E+10	0.0000002	400	1.0E+10	0.00000004	23	1E-30	1.0E+10	1.0E+10	1E-30	1.0E+10	1.0E+10	1E-30	1.0E+10	1.0E+10	1E-30	1.0E+10	1.0E+10	1E-30	1.0E+10	1.0E+10	1E-30	1.0E+10	1.0E+10
53	9.51E-14	1E-30	1.0E-10	1.0E+10	0.00000000355	0.092	1.0E+10	1E-30	11000	1.0E+10	0.000000105	480	1.0E+10	0.0000002	400	1.0E+10	0.00000004	23	1E-30	1.0E+10	1.0E+10	1E-30	1.0E+10	1.0E+10	1E-30	1.0E+10	1.0E+10	1E-30	1.0E+10	1.0E+10	1E-30	1.0E+10	1.0E+10	1E-30	1.0E+10	1.0E+10
54	9.44E-14	1E-30	1.0E-10	1.0E+10	0.00000000364	0.13	1.0E+10	1E-30	10000	1.0E+10	0.00000011	480	1.0E+10	0.00000026	400	1.0E+10	0.000000043	25	1E-30	1.0E+10	1.0E+10	1E-30	1.0E+10	1.0E+10	1E-30	1.0E+10	1.0E+10	1E-30	1.0E+10	1.0E+10	1E-30	1.0E+10	1.0E+10	1E-30	1.0E+10	1.0E+10
55	9.44E-14	1E-30	1.0E-10	1.0E+10	0.00000000364	0.13	1.0E+10	1E-30	10000	1.0E+10	0.00000011	480	1.0E+10	0.00000026	400	1.0E+10	0.000000043	25	1E-30	1.0E+10	1.0E+10	1E-30	1.0E+10	1.0E+10	1E-30	1.0E+10	1.0E+10	1E-30	1.0E+10	1.0E+10	1E-30	1.0E+10	1.0E+10	1E-30	1.0E+10	1.0E+10
56	0.000000000000107	1E-30	1.0E-10	1.0E+10	0.0000000038	0.09	1.0E+10	1E-30	10500	1.0E+10	0.000000115	460	1.0E+10	0.00000018	400	1.0E+10	0.00000004	21	1E-30	1.0E+10	1.0E+10	1E-30	1.0E+10	1.0E+10	1E-30	1.0E+10	1.0E+10	1E-30	1.0E+10	1.0E+10	1E-30	1.0E+10	1.0E+10	1E-30	1.0E+10	1.0E+10
57	0.000000000000107	1E-30	1.0E-10	1.0E+10	0.0000000038	0.09	1.0E+10	1E-30	10500	1.0E+10	0.000000115	460	1.0E+10	0.00000018	400	1.0E+10	0.00000004	21	1E-30	1.0E+10	1.0E+10	1E-30	1.0E+10	1.0E+10	1E-30	1.0E+10	1.0E+10	1E-30	1.0E+10	1.0E+10	1E-30	1.0E+10	1.0E+10	1E-30	1.0E+10	1.0E+10
58	0.000000000000112	1E-30	1.0E-10	1.0E+10	0.00000000393	0.105	1.0E+10	1E-30	11500	1.0E+10	0.00000011	440	1.0E+10	0.00000017	400	1.0E+10	0.00000004	21	1E-30	1.0E+10	1.0E+10	1E-30	1.0E+10	1.0E+10	1E-30	1.0E+10	1.0E+10	1E-30	1.0E+10	1.0E+10	1E-30	1.0E+10	1.0E+10	1E-30	1.0E+10	1.0E+10
59	0.000000000000112	1E-30	1.0E-10	1.0E+10	0.00000000393	0.105	1.0E+10	1E-30	11500	1.0E+10	0.00000011	440	1.0E+10	0.00000017	400	1.0E+10	0.00000004	21	1E-30	1.0E+10	1.0E+10	1E-30	1.0E+10	1.0E+10	1E-30	1.0E+10	1.0E+10	1E-30	1.0E+10	1.0E+10	1E-30	1.0E+10	1.0E+10	1E-30	1.0E+10	1.0E+10
60	0.000000000000108	1E-30	1.0E-10	1.0E+10	0.00000000401	0.13	1.0E+10	1E-30	11000	1.0E+10	0.00000011	430	1.0E+10	0.00000016	400	1.0E+10	0.000000046	21	1E-30	1.0E+10	1.0E+10	1E-30	1.0E+10	1.0E+10	1E-30	1.0E+10	1.0E+10	1E-30	1.0E+10	1.0E+10	1E-30	1.0E+10	1.0E+10	1E-30	1.0E+10	1.0E+10
61	0.000000000000108	1E-30	1.0E-10	1.0E+10	0.00000000401	0.13	1.0E+10	1E-30	11000	1.0E+10	0.00000011	430	1.0E+10	0.00000016	400	1.0E+10	0.000000046	21	1E-30	1.0E+10	1.0E+10	1E-30	1.0E+10	1.0E+10	1E-30	1.0E+10	1.0E+10	1E-30	1.0E+10	1.0E+10	1E-30	1.0E+10	1.0E+10	1E-30	1.0E+10	1.0E+10
62	0.000000000000125	1E-30	1.0E-10	1.0E+10	0.00000000423	0.102	1.0E+10	1E-30	14000	1.0E+10	0.000000048	60	1.0E+10	0.00000015	1000	1.0E+10	0.000000065	19	1E-30	1.0E+10	1.0E+10	1E-30	1.0E+10	1.0E+10	1E-30	1.0E+10	1.0E+10	1E-30	1.0E+10	1.0E+10	1E-30	1.0E+10	1.0E+10	1E-30	1.0E+10	1.0E+10
63	0.000000000000125	1E-30	1.0E-10	1.0E+10	0.00000000423	0.102	1.0E+10	1E-30	14000	1.0E+10	0.000000048	60	1.0E+10	0.00000015	1000	1.0E+10	0.000000065	19	1E-30	1.0E+10	1.0E+10	1E-30	1.0E+10	1.0E+10	1E-30	1.0E+10	1.0E+10	1E-30	1.0E+10	1.0E+10	1E-30	1.0E+10	1.0E+10	1E-30	1.0E+10	1.0E+10
64	0.000000000000125	1E-30	1.0E-10	1.0E+10	0.00000000427	0.112	1.0E+10	1E-30	15000	1.0E+10	0.000000055	90	1.0E+10	0.00000018	1500	1.0E+10	0.000000065	20	1E-30	1.0E+10	1.0E+10	1E-30	1.0E+10	1.0E+10	1E-30	1.0E+10	1.0E+10	1E-30	1.0E+10	1.0E+10	1E-30	1.0E+10	1.0E+10	1E-30	1.0E+10	1.0E+10
65	0.000000000000125	1E-30	1.0E-10	1.0E+10	0.00000000427	0.112	1.0E+10	1E-30	15000	1.0E+10	0.000000055	90	1.0E+10	0.00000018	1500	1.0E+10	0.000000065	20	1E-30	1.0E+10	1.0E+10	1E-30	1.0E+10	1.0E+10	1E-30	1.0E+10	1.0E+10	1E-30	1.0E+10	1.0E+10	1E-30	1.0E+10	1.0E+10	1E-30	1.0E+10	1.0E+10
66	0.00000000000012	1E-30	1.0E-10	1.0E+10	0.00000000435	0.13	1.0E+10	1E-30	15000	1.0E+10	0.000000068	110	1.0E+10	0.00000018	1500	1.0E+10	0.000000065	26.5	1E-30	1.0E+10	1.0E+10	1E-30	1.0E+10	1.0E+10	1E-30	1.0E+10	1.0E+10	1E-30	1.0E+10	1.0E+10	1E-30	1.0E+10	1.0E+10	1E-30	1.0E+10	1.0E+10
67	0.00000000000012	1E-30	1.0E-10	1.0E+10	0.00000000435	0.13	1.0E+10	1E-30	15000	1.0E+10	0.000000068	110	1.0E+10	0.00000018	1500	1.0E+10	0.000000065	26.5	1E-30	1.0E+10	1.0E+10	1E-30	1.0E+10	1.0E+10	1E-30	1.0E+10	1.0E+10	1E-30	1.0E+10	1.0E+10	1E-30	1.0E+10	1.0E+10	1E-30	1.0E+10	1.0E+10
68	0.000000000000083	1E-30	1.0E-10	1.0E+10	0.00000000475	0.18	1.0E+10	1E-30	15000	1.0E+10	0.000000078	110	1.0E+10	0.00000021	1500	1.0E+10	0.000000088	33	1E-30	1.0E+10	1.0E+10	1E-30	1.0E+10	1.0E+10	1E-30	1.0E+10	1.0E+10	1E-30	1.0E+10	1.0E+10	1E-30	1.0E+10	1.0E+10	1E-30	1.0E+10	1.0E+10
69	0.000000000000083	1E-30	1.0E-10	1.0E+10	0.00000000475	0.18	1.0E+10	1E-30	15000	1.0E+10	0.000000078	110	1.0E+10	0.00000021	1500	1.0E+10	0.000000088	33	1E-30	1.0E+10	1.0E+10	1E-30	1.0E+10	1.0E+10	1E-30	1.0E+10	1.0E+10	1E-30	1.0E+10	1.0E+10	1E-30	1.0E+10	1.0E+10	1E-30	1.0E+10	1.0E+10
70	9.54E-14	1E-30	1.0E-10	1.0E+10	0.00000000521	0.19	1.0E+10	1E-30	16500	1.0E+10	0.000000083	130	1.0E+10	0.00000024	1500	1.0E+10	0.000000088	33	1E-30	1.0E+10	1.0E+10	1E-30	1.0E+10	1.0E+10	1E-30	1.0E+10	1.0E+10	1E-30	1.0E+10	1.0E+10	1E-30	1.0E+10	1.0E+10	1E-30	1.0E+10	1.0E+10
71	9.54E-14	1E-30	1.0E-10	1.0E+10	0.00000000521	0.19	1.0E+10	1E-30	16500	1.0E+10	0.000000083	130	1.0E+10	0.00000024	1500	1.0E+10	0.000000088	33	1E-30	1.0E+10	1.0E+10	1E-30	1.0E+10	1.0E+10	1E-30	1.0E+10	1.0E+10	1E-30	1.0E+10	1.0E+10	1E-30	1.0E+10	1.0E+10	1E-30	1.0E+10	1.0E+10
72	0.00000000000009	1E-30	1.0E-10	1.0E+10	0.00000000575	0.2	1.0E+10	1E-30	15000	1.0E+10	0.000000107	130	1.0E+10	0.00000028	2000	1.0E+10	0.000000071	33	1E-30	1.0E+10	1.0E+10	1E-30	1.0E+10	1.0E+10	1E-30	1.0E+10	1.0E+10	1E-30	1.0E+10	1.0E+10	1E-30	1.0E+10	1.0E+10	1E-30	1.0E+10	1.0E+10
73	0.00000000000009	1E-30	1.0E-10	1.0E+10	0.00000000575	0.2	1.0E+10	1E-30	15000	1.0E+10	0.000000107	130	1.0E+10	0.00000028	2000	1.0E+10	0.000000071	33	1E-30	1.0E+10	1.0E+10	1E-30	1.0E+10	1.0E+10	1E-30	1.0E+10	1.0E+10	1E-30	1.0E+10	1.0E+10	1E-30	1.0E+10	1.0E+10	1E-30	1.0E+10	1.0E+10
74	9.25E-14	1E-30	1.0E-10	1.0E+10	0.0000000062	0.2	1.0E+10	1E-30	14000	1.0E+10	0.00000033	980	1.0E+10	0.00000023	1200	1.0E+10	0.000000065	37	1E-30	1.0E+10	1.0E+10	1E-30	1.0E+10	1.0E+10	1E-30	1.0E+10	1.0E+10	1E-30	1.0E+10	1.0E+10	1E-30	1.0E+10	1.0E+10	1E-30	1.0E+10	1.0E+10
75	9.25E-14	1E-30	1.0E-10	1.0E+10	0.0000000062	0.2	1.0E+10	1E-30	14000	1.0E+10	0.00000033	980	1.0E+10	0.00000023	1200	1.0E+10	0.000000065	37	1E-30	1.0E+10	1.0E+10	1E-30	1.0E+10	1.0E+10	1E-30	1.0E+10	1.0E+10	1E-30	1.0E+10	1.0E+10	1E-30	1.0E+10	1.0E+10	1E-30	1.0E+10	1.0E+10
76	9.25E-14	1E-30	1.0E-10	1.0E+10	0.00000000674	0.32	1.0E+10	1E-30	15500	1.0E+10	0.00000016	400	1.0E+10	0.00000028	1150	1.0E+10	0.00000012	48	1E-30	1.0E+10	1.0E+10	1E-30	1.0E+10	1.0E+10	1E-30	1.0E+10	1.0E+10	1E-30	1.0E+10	1.0E+10	1E-30	1.0E+10	1.0E+10	1E-30	1.0E+10	1.0E+10
77	9.25E-14	1E-30	1.0E-10	1.0E+10	0.00000000674	0.32	1.0E+10	1E-30	15500	1.0E+10	0.00000016	400	1.0E+10	0.00000028	1150	1.0E+10	0.00000012	48	1E-30	1.0E+10	1.0E+10	1E-30	1.0E+10	1.0E+10	1E-30	1.0E+10	1.0E+10	1E-30	1.0E+10	1.0E+10	1E-30	1.0E+10	1.0E+10	1E-30	1.0E+10	1.0E+10
78	0.000000000000096	1E-30	1.0E-10	1.0E+10	0.00000000762	0.28	1.0E+10	1E-30	16000	1.0E+10	0.00000029	1000	1.0E+10	0.00000035	1200	1.0E+10	0.00000007	40	1E-30	1.0E+10	1.0E+10	1E-30	1.0E+10	1.0E+10	1E-30	1.0E+10	1.0E+10	1E-30	1.0E+10	1.0E+10	1E-30	1.0E+10	1.0E+10	1E-30	1.0E+10	1.0E+10
79	0.000000000000096	1E-30	1.0E-10	1.0E+10	0.00000000762	0.28	1.0E+10	1E-30	16000	1.0E+10	0.00000029	1000	1.0E+10	0.00000035	1200	1.0E+10	0.00000007	40	1E-30	1.0E+10	1.0E+10	1E-30	1.0E+10	1.0E+10	1E-30	1.0E+10	1.0E+10	1E-30	1.0E+10	1.0E+10	1E-30	1.0E+10	1.0E+10	1E-30	1.0E+10	1.0E+10
80	0.000000000000103	1E-30	1.0E-10	1.0E+10	0.0000000083	0.25	1.0E+10	1E-30	15000	1.0E+10	0.00000024	650	1.0E+10	0.00000035	1000	1.0E+10	0.0000001	50	1E-30	1.0E+10	1.0E+10	1E-30	1.0E+10	1.0E+10	1E-30	1.0E+10	1.0E+10	1E-30	1.0E+10	1.0E+10	1E-30	1.0E+10	1.0E+10	1E-30	1.0E+10	1.0E+10
81	0.000000000000103	1E-30	1.0E-10	1.0E+10	0.0000000083	0.25	1.0E+10	1E-30	15000	1.0E+10	0.00000024	650	1.0E+10	0.00000035	1000	1.0E+10	0.0000001	50	1E-30	1.0E+10	1.0E+10	1E-30	1.0E+10	1.0E+10	1E-30	1.0E+10	1.0E+10	1E-30	1.0E+10	1.0E+10	1E-30	1.0E+10	1.0E+10	1E-30	1.0E+10	1.0E+10
82	0.000000000000093	1E-30	1.0E-10	1.0E+10	0.00000000916	0.37	1.0E+10	1E-30	15000	1.0E+10	0.00000013	300	1.0E+10	0.00000033	140	1.0E+10	0.00000018	30	1E-30	1.0E+10	1.0E+10	1E-30	1.0E+10	1.0E+10	1E-30	1.0E+10	1.0E+10	1E-30	1.0E+10	1.0E+10	1E-30	1.0E+10	1.0E+10	1E-30	1.0E+10	1.0E+10
83	0.000000000000093	1E-30	1.0E-10	1.0E+10	0.00000000916	0.37	1.0E+10	1E-30	15000	1.0E+10	0.00000013	300	1.0E+10	0.00000033	140	1.0E+10	0.00000018	30	1E-30	1.0E+10	1.0E+10	1E-30	1.0E+10	1.0E+10	1E-30	1.0E+10	1.0E+10	1E-30	1.0E+10	1.0E+10	1E-30	1.0E+10	1.0E+10	1E-30	1.0E+10	1.0E+10
84	0.000000000000112	1E-30	1.0E-10	1.0E+10	0.0000000104	0.3	1.0E+10	1E-30	18000	1.0E+10	0.00000022	710	1.0E+10	0.00000035	500	1.0E+10	0.0000001	34	1E-30	1.0E+10	1.0E+10	1E-30	1.0E+10	1.0E+10	1E-30	1.0E+10	1.0E+10	1E-30	1.0E+10	1.0E+10	1E-30	1.0E+10	1.0E+10	1E-30	1.0E+10	1.0E+10
85	0.000000000000112	1E-30	1.0E-10	1.0E+10	0.0000000104	0.3	1.0E+10	1E-30	18000	1.0E+10	0.00000022	710	1.0E+10	0.00000035	500	1.0E+10	0.0000001	34	1E-30	1.0E+10	1.0E+10	1E-30	1.0E+10	1.0E+10	1E-30	1.0E+10	1.0E+10	1E-30	1.0E+10	1.0E+10	1E-30	1.0E+10	1.0E+10	1E-30	1.0E+10	1.0E+10
86	0.000000000000104	1E-30	1.0E-10	1.0E+10	0.000000011	0.41	1.0E+10	1E-30	15000	1.0E+10	0.00000017	390	1.0E+10	0.00000045	500	1.0E+10	0.00000023	70	1E-30	1.0E+10	1.0E+10	1E-30	1.0E+10	1.0E+10	1E-30	1.0E+10	1.0E+10	1E-30	1.0E+10	1.0E+10	1E-30	1.0E+10	1.0E+10	1E-30	1.0E+10	1.0E+10
87	0.000000000000104	1E-30	1.0E-10	1.0E+10	0.000000011	0.41	1.0E+10	1E-30	15000	1.0E+10	0.00000017	390	1.0E+10	0.00000045	500	1.0E+10	0.00000023	70	1E-30	1.0E+10	1.0E+10	1E-30	1.0E+10	1.0E+10	1E-30	1.0E+10	1.0E+10	1E-30	1.0E+10	1.0E+10	1E-30	1.0E+10	1.0E+10	1E-30	1.0E+10	1.0E+10
88	0.00000000000014	1E-30	1.0E-10	1.0E+10	0.0000000134	0.37	1.0E+10	1E-30	14000	1.0E+10	0.00000018	340	1.0E+10	0.00000055	500	1.0E+10	0.00000023	70	1E-30	1.0E+10	1.0E+10	1E-30	1.0E+10	1.0E+10	1E-30	1.0E+10	1.0E+10	1E-30	1.0E+10	1.0E+10	1E-30	1.0E+10	1.0E+10	1E-30	1.0E+10	1.0E+10
89	0.00000000000014	1E-30	1.0E-10	1.0E+10	0.0000000134	0.37	1.0E+10	1E-30	14000	1.0E+10	0.00000018	340	1.0E+10	0.00000055	500	1.0E+10	0.00000023	70	1E-30	1.0E+10	1.0E+10	1E-30	1.0E+10	1.0E+10	1E-30	1.0E+10	1.0E+10	1E-30	1.0E+10	1.0E+10	1E-30	1.0E+10	1.0E+10	1E-30	1.0E+10	1.0E+10
90	0.000000000000144	1E-30	1.0E-10	1.0E+10	0.0000000167	0.46	1.0E+10	1E-30	20000	1.0E+10	0.00000028	750	1.0E+10	0.0000005	500	1.0E+10	0.000000235	80	1E-30	1.0E+10	1.0E+10	1E-30	1.0E+10	1.0E+10	1E-30	1.0E+10	1.0E+10	1E-30	1.0E+10	1.0E+10	1E-30	1.0E+10	1.0E+10	1E-30	1.0E+10	1.0E+10
91	0.000000000000144	1E-30	1.0E-10	1.0E+10	0.0000000167	0.46	1.0E+10	1E-30	20000	1.0E+10	0.00000028	750	1.0E+10	0.0000005	500	1.0E+10	0.000000235	80	1E-30	1.0E+10	1.0E+10	1E-30	1.0E+10	1.0E+10	1E-30	1.0E+10	1.0E+10	1E-30	1.0E+10	1.0E+10	1E-30	1.0E+10	1.0E+10	1E-30	1.0E+10	1.0E+10
92	0.000000000000148	1E-30	1.0E-10	1.0E+10	0.00000002	0.5	1.0E+10	1E-30	27000	1.0E+10	0.00000035	1100	1.0E+10	0.0000005	500	1.0E+10	0.00000027	96	1E-30	1.0E+10	1.0E+10	1E-30	1.0E+10	1.0E+10	1E-30	1.0E+10	1.0E+10	1E-30	1.0E+10	1.0E+10	1E-30	1.0E+10	1.0E+10	1E-30	1.0E+10	1.0E+10
93	0.000000000000148	1E-30	1.0E-10	1.0E+10	0.00000002	0.5	1.0E+10	1E-30	27000	1.0E+10	0.00000035	1100	1.0E+10	0.0000005	500	1.0E+10	0.00000027	96	1E-30	1.0E+10	1.0E+10	1E-30	1.0E+10	1.0E+10	1E-30	1.0E+10	1.0E+10	1E-30	1.0E+10	1.0E+10	1E-30	1.0E+10	1.0E+10	1E-30	1.0E+10	1.0E+10
94	0.00000000000013	1E-30	1.0E-10	1.0E+10	0.0000000246	1.3	1.0E+10	1E-30	23000	1.0E+10	0.0000006	700	1.0E+10	0.0000006	1600	1.0E+10	0.00000029	51	1E-30	1.0E+10	1.0E+10	1E-30	1.0E+10	1.0E+10	1E-30	1.0E+10	1.0E+10	1E-30	1.0E+10	1.0E+10	1E-30	1.0E+10	1.0E+10	1E-30	1.0E+10	1.0E+10
95	0.00000000000013	1E-30	1.0E-10	1.0E+10	0.0000000246	1.3	1.0E+10	1E-30	23000	1.0E+10	0.0000006	700	1.0E+10	0.0000006	1600	1.0E+10	0.00000029	51	1E-30	1.0E+10	1.0E+10	1E-30	1.0E+10	1.0E+10	1E-30	1.0E+10	1.0E+10	1E-30	1.0E+10	1.0E+10	1E-30	1.0E+10	1.0E+10	1E-30	1.0E+10	1.0E+10
96	0.000000000000145	1E-30	1.0E-10	1.0E+10	0.0000000312	1.7	1.0E+10	1E-30	34000	1.0E+10	0.00000053	1600	1.0E+10	0.0000006	380	1.0E+10	0.0000003	35	1E-30	1.0E+10	1.0E+10	1E-30	1.0E+10	1.0E+10	1E-30	1.0E+10	1.0E+10	1E-30	1.0E+10	1.0E+10	1E-30	1.0E+10	1.0E+10	1E-30	1.0E+10	1.0E+10
97	0.000000000000145	1E-30	1.0E-10	1.0E+10	0.0000000312	1.7	1.0E+10	1E-30	34000	1.0E+10	0.00000053	1600	1.0E+10	0.0000006	380	1.0E+10	0.0000003	35	1E-30	1.0E+10	1.0E+10	1E-30	1.0E+10	1.0E+10	1E-30	1.0E+10	1.0E+10	1E-30	1.0E+10	1.0E+10	1E-30	1.0E+10	1.0E+10	1E-30	1.0E+10	1.0E+10
98	0.00000000000015	1E-30	1.0E-10	1.0E+10	0.0000000361	2.8	1.0E+10	1E-30	25000	1.0E+10	0.0000008	2000	1.0E+10	0.0000006	250	1.0E+10	0.000001	41	1E-30	1.0E+10	1.0E+10	1E-30	1.0E+10	1.0E+10	1E-30	1.0E+10	1.0E+10	1E-30	1.0E+10	1.0E+10	1E-30	1.0E+10	1.0E+10	1E-30	1.0E+10	1.0E+10
99	0.00000000000015	1E-30	1.0E-10	1.0E+10	0.0000000361	2.8	1.0E+10	1E-30	25000	1.0E+10	0.0000008	2000	1.0E+10	0.0000006	250	1.0E+10	0.000001	41	1E-30	1.0E+10	1.0E+10	1E-30	1.0E+10	1.0E+10	1E-30	1.0E+10	1.0E+10	1E-30	1.0E+10	1.0E+10	1E-30	1.0E+10	1.0E+10	1E-30	1.0E+10	1.0E+10
100	0.00000000000016	1E-30	1.0E-10	1.0E+10	0.000000044	2.3	1.0E+10	1E-30	20000	1.0E+10	0.00000046	800	1.0E+10	0.000000795	230	1.0E+10	0.000001	32	8.2E-15	0.000000037	100	1E-30	1.0E+10	1.0E+10	1E-30	1.0E+10	1.0E+10	1E-30	1.0E+10	1.0E+10	1E-30	1.0E+10	1.0E+10	1E-30	1.0E+10	1.0E+10
101	0.00000000000016	1E-30	1.0E-10	1.0E+10	0.000000044	2.3	1.0E+10	1E-30	20000	1.0E+10	0.00000046	800	1.0E+10	0.000000795	230	1.0E+10	0.000001	32	8.2E-15	0.000000037	100	1E-30	1.0E+10	1.0E+10	1E-30	1.0E+10	1.0E+10	1E-30	1.0E+10	1.0E+10	1E-30	1.0E+10	1.0E+10	1E-30	1.0E+10	1.0E+10
102	0.00000000000016	1E-30	1.0E-10	1.0E+10	0.0000000525	3.1	1.0E+10	1E-30	65000	1.0E+10	0.0000007	1900	1.0E+10	0.000000795	295	1.0E+10	0.000001	37	8.2E-15	0.000000037	100	1E-30	1.0E+10	1.0E+10	1E-30	1.0E+10	1.0E+10	1E-30	1.0E+10	1.0E+10	1E-30	1.0E+10	1.0E+10	1E-30	1.0E+10	1.0E+10
103	0.000000000000155	1E-30	1.0E-10	1.0E+10	0.0000000639	3.27	1.0E+10	1E-30	18000	1.0E+10	0.00000076	1230	1.0E+10	0.0000011	300	1.0E+10	0.000001	35	8.9E-15	0.000000042	120	1E-30	1.0E+10	1.0E+10	1E-30	1.0E+10	1.0E+10	1E-30	1.0E+10	1.0E+10	1E-30	1.0E+10	1.0E+10	1E-30	1.0E+10	1.0E+10
104	0.00000000000018	1E-30	1.0E-10	1.0E+10	0.0000000795	5.8	1.0E+10	1E-30	13000	1.0E+10	0.00000085	1200	1.0E+10	0.00000085	230	1.0E+10	0.00000122	47	1.39E-14	0.000000038	120	1E-30	1.0E+10	1.0E+10	1E-30	1.0E+10	1.0E+10	1E-30	1.0E+10	1.0E+10	1E-30	1.0E+10	1.0E+10	1E-30	1.0E+10	1.0E+10
105	0.00000000000018	1E-30	1.0E-10	1.0E+10	0.000000101	7.4	1.0E+10	1E-30	14500	1.0E+10	0.0000011	1450	1.0E+10	0.00000084	220	1.0E+10	0.00000093	39	0.000000000000011	0.000000055	140	1E-30	1.0E+10	1.0E+10	1E-30	1.0E+10	1.0E+10	1E-30	1.0E+10	1.0E+10	1E-30	1.0E+10	1.0E+10	1E-30	1.0E+10	1.0E+10
106	0.0000000000002	1E-30	1.0E-10	1.0E+10	0.000000116	6.9	1.0E+10	1E-30	12500	1.0E+10	0.0000011	1200	1.0E+10	0.00000088	200	1.0E+10	0.0000045	122	0.000000000000009	8.66119794533082E-08	180	1E-30	1.0E+10	1.0E+10	1E-30	1.0E+10	1.0E+10	1E-30	1.0E+10	1.0E+10	1E-30	1.0E+10	1.0E+10	1E-30	1.0E+10	1.0E+10
107	0.0000000000002	1E-30	1.0E-10	1.0E+10	0.000000135	8.4	1.0E+10	1E-30	20000	1.0E+10	0.0000016	2500	1.0E+10	0.00000089	205	1.0E+10	0.0000068	190	0.000000000000014	0.000000072	150	5.29E-15	0.000000058	200	1E-30	1.0E+10	1.0E+10	1E-30	1.0E+10	1.0E+10	1E-30	1.0E+10	1.0E+10	1E-30	1.0E+10	1.0E+10
END DSCRDATA
